<CommandLineArguments>
ImbalancedDataset_FGBML.exe glass 1 FGBML_NONE 20 11 5 n 
<HyperParameter>
NUM_MEMBERSHIP_FUNC = 15
POPULATION_SIZE = 100
NUM_ITERATION = 5000
PROB_CROSSOVER = 0.900000
PER_REPLACEMENT = 20
SEED = 1234
INTERVAL_GRAPH = 100
IS_SELECT_PARENTS_ONLY_FROM_WINNER_RULE = 0
NUM_TRIAL = 20

<RUNNING_SECOND>
417 [s]

<Evaluation>
PER MISS TRA:17.5439
PER MISS TST:27.907
LEN OF RULE:3.1875
Confusion Matrix tra:
53, 3, 0, 0, 0, 0, 0
12, 47, 0, 0, 0, 0, 1
10, 2, 2, 0, 0, 0, 0
0, 0, 0, 0, 0, 0, 0
0, 0, 0, 0, 10, 0, 0
0, 0, 0, 0, 0, 7, 1
1, 0, 0, 0, 0, 0, 22
Confusion Matrix tst:
12, 2, 0, 0, 0, 0, 0
2, 11, 0, 0, 0, 2, 1
2, 1, 0, 0, 0, 0, 0
0, 0, 0, 0, 0, 0, 0
0, 1, 0, 0, 2, 0, 0
0, 0, 0, 0, 0, 1, 0
0, 0, 0, 0, 0, 1, 5

<BestRules> [att, class, weight]
600c00003, 1, 0.021622
000673000, 0, 0.270599
0000000c0, 6, 0.949768
080d40000, 6, 0.897387
00e000c00, 0, 0.350445
00e140607, 1, 0.491707
0c000000c, 1, 0.103229
a00040008, 0, 0.830260
087040000, 5, 0.131216
d00000d00, 1, 1.000000
c00c07d00, 4, 0.810596
0c7000c0c, 1, 0.805317
303014c00, 4, 0.439144
00a001020, 6, 1.000000
0ce040104, 1, 0.205336
600e00000, 4, 0.717320
00400000e, 4, 1.000000
0a000000c, 1, 1.000000
0040e0001, 5, 1.000000
dc4000c00, 1, 0.417916
000a03a00, 5, 1.000000
004000d00, 4, 0.160319
300009000, 4, 1.000000
0ad0c400a, 2, 0.798736
cc067300d, 2, 0.945113
0000e4000, 6, 1.000000
000000d0c, 4, 1.000000
806101807, 1, 0.845337
60000000c, 0, 0.071250
903000204, 1, 1.000000
ccaa00000, 5, 0.465155
cce000000, 0, 0.234059

<Prediction> [generation][index_pattern]
Training:
true-label, 0, 0, 0, 0, 0, 0, 0, 0, 0, 0, 0, 0, 0, 0, 0, 0, 0, 0, 0, 0, 0, 0, 0, 0, 0, 0, 0, 0, 0, 0, 0, 0, 1, 1, 1, 1, 1, 1, 1, 1, 1, 1, 1, 1, 1, 1, 1, 1, 1, 1, 1, 1, 1, 1, 1, 1, 1, 1, 1, 1, 1, 1, 1, 2, 2, 2, 2, 2, 2, 2, 4, 4, 4, 4, 4, 5, 5, 5, 6, 6, 6, 6, 6, 6, 6, 6, 6, 6, 6, 6, 0, 0, 0, 0, 0, 0, 0, 0, 0, 0, 0, 0, 0, 0, 0, 0, 0, 0, 0, 0, 0, 0, 0, 0, 1, 1, 1, 1, 1, 1, 1, 1, 1, 1, 1, 1, 1, 1, 1, 1, 1, 1, 1, 1, 1, 1, 1, 1, 1, 1, 1, 1, 1, 2, 2, 2, 2, 2, 2, 2, 4, 4, 4, 4, 4, 5, 5, 5, 5, 5, 6, 6, 6, 6, 6, 6, 6, 6, 6, 6, 6
0, -1, -1, -1, -1, -1, -1, -1, -1, -1, -1, -1, -1, -1, -1, -1, 6, -1, -1, -1, -1, 1, 1, -1, -1, 1, -1, -1, 6, 6, -1, -1, -1, -1, -1, -1, -1, -1, -1, -1, -1, -1, -1, -1, 1, -1, 1, 6, 1, -1, -1, -1, -1, -1, -1, -1, -1, 6, -1, -1, -1, -1, -1, -1, -1, -1, -1, -1, -1, -1, -1, -1, 1, 6, 6, 6, 6, 6, 6, 1, 6, 6, 6, 6, 6, 6, 6, 6, 6, 6, 6, -1, -1, -1, -1, -1, -1, -1, -1, -1, -1, -1, -1, 6, -1, -1, -1, -1, -1, -1, -1, -1, -1, -1, -1, -1, -1, -1, -1, 6, 6, 6, -1, -1, -1, -1, -1, 6, -1, 1, 1, 1, -1, -1, -1, -1, 1, -1, -1, -1, 6, 6, -1, -1, 6, -1, -1, -1, -1, 6, 6, 6, 6, 6, 6, 6, -1, -1, 6, 6, 6, 6, 6, 6, 6, 6, 6, 6, 6, 6, 6, 6
100, -1, -1, -1, -1, -1, -1, -1, -1, -1, -1, -1, -1, -1, -1, -1, 6, -1, -1, -1, -1, 1, 1, -1, -1, 1, -1, -1, 6, 6, -1, -1, -1, -1, -1, -1, -1, -1, -1, -1, -1, -1, -1, -1, 1, -1, 1, 6, 1, -1, -1, -1, -1, -1, -1, -1, -1, 6, -1, -1, -1, -1, -1, -1, -1, -1, -1, -1, -1, -1, -1, -1, 1, 6, 6, 6, 6, 6, 6, 1, 6, 6, 6, 6, 6, 6, 6, 6, 6, 6, 6, -1, -1, -1, -1, -1, -1, -1, -1, -1, -1, -1, -1, 6, -1, -1, -1, -1, -1, -1, -1, -1, -1, -1, -1, -1, -1, -1, -1, 6, 6, 6, -1, -1, -1, -1, -1, 6, -1, 1, 1, 1, -1, -1, -1, -1, 1, -1, -1, -1, 6, 6, -1, -1, 6, -1, -1, -1, -1, 6, 6, 6, 6, 6, 6, 6, -1, -1, 6, 6, 6, 6, 6, 6, 6, 6, 6, 6, 6, 6, 6, 6
200, -1, -1, -1, -1, -1, -1, -1, -1, -1, -1, -1, -1, -1, -1, -1, 6, -1, -1, -1, -1, 1, 1, -1, -1, 1, -1, -1, 6, 6, -1, -1, -1, -1, -1, -1, -1, -1, -1, -1, -1, -1, -1, -1, 1, -1, 1, 6, 1, -1, -1, -1, -1, -1, -1, -1, -1, 6, -1, -1, -1, -1, -1, -1, -1, -1, -1, -1, -1, -1, -1, -1, 1, 6, 6, 6, 6, 6, 6, 1, 6, 6, 6, 6, 6, 6, 6, 6, 6, 6, 6, -1, -1, -1, -1, -1, -1, -1, -1, -1, -1, -1, -1, 6, -1, -1, -1, -1, -1, -1, -1, -1, -1, -1, -1, -1, -1, -1, -1, 6, 6, 6, -1, -1, -1, -1, -1, 6, -1, 1, 1, 1, -1, -1, -1, -1, 1, -1, -1, -1, 6, 6, -1, -1, 6, -1, -1, -1, -1, 6, 6, 6, 6, 6, 6, 6, -1, -1, 6, 6, 6, 6, 6, 6, 6, 6, 6, 6, 6, 6, 6, 6
300, 0, 1, 0, 0, 0, 1, 0, 0, 0, 0, 0, 0, 0, 0, 0, 0, 0, 0, 0, 1, 1, 0, 0, 0, 1, 0, 0, 0, 0, 0, 0, 0, 1, 1, 1, 1, 1, 1, 1, 1, 1, 1, 0, 1, 1, 1, 4, 1, 1, 0, 0, 0, 1, 0, 0, 1, 1, 1, 0, 1, 1, 0, 1, 0, 0, 0, 1, 0, 0, 0, -1, 4, 4, 4, 4, 6, 4, -1, 1, 6, 6, 6, 6, 6, 6, 6, 6, 6, 6, 6, 0, 1, 1, 1, 0, 1, 0, 0, 1, 0, 0, 0, 1, 0, 0, 0, 0, 0, 0, 1, 1, 0, 0, 0, 1, 1, 1, 1, 1, 1, 6, 1, 1, 1, 1, 0, 1, 1, 1, 1, 1, 0, 1, 1, 1, 1, 1, 1, 1, 1, 1, 1, 1, 0, 1, 0, 0, 0, 1, 0, 6, 1, 4, -1, 1, 0, 0, 1, 1, 1, 6, 6, 6, 6, 6, 6, 6, 6, 6, 6, 6
400, 0, 1, 0, 0, 0, 1, 0, 0, 0, 0, 0, 0, 0, 0, 0, 0, 0, 0, 0, 1, 0, 0, 0, 1, 1, 0, 0, 0, 0, 0, 0, 0, 1, 1, 1, 1, 1, 1, 1, 1, 1, 1, 0, 1, 1, 1, 0, 1, 1, 0, 0, 0, 1, 0, 0, 1, 1, 1, 0, 1, 1, 0, 1, 0, 0, 0, 1, 0, 0, 1, 4, 4, 4, 4, 4, 6, 0, -1, 0, 6, 6, 6, 6, 6, 6, 6, 6, 6, 6, 6, 0, 1, 1, 1, 0, 1, 0, 0, 1, 0, 0, 0, 1, 0, 0, 0, 0, 0, 0, 1, 0, 0, 0, 0, 1, 1, 1, 1, 1, 1, 6, 1, 1, 1, 1, 0, 1, 1, 1, 0, 1, 0, 1, 1, 1, 1, 0, 1, 1, 1, 1, 1, 1, 0, 0, 0, 0, 1, 1, 0, 4, 4, 4, 4, 1, -1, 0, 1, 1, 5, 6, 6, 6, 6, 6, 6, 6, 6, 6, 6, 6
500, 0, 1, 0, 0, 0, 1, 0, 0, 0, 0, 0, 0, 0, 0, 0, 0, 0, 0, 0, 1, 0, 0, 0, 1, 1, 0, 0, 0, 0, 0, 0, 0, 1, 1, 1, 1, 1, 1, 1, 1, 1, 1, 0, 1, 1, 1, 0, 1, 1, 0, 0, 0, 1, 0, 0, 1, 1, 1, 0, 1, 1, 0, 1, 0, 0, 0, 1, 0, 0, 1, 4, 4, 4, 4, 4, 6, 0, -1, 0, 6, 6, 6, 6, 6, 6, 6, 6, 6, 6, 6, 0, 1, 1, 1, 0, 1, 0, 0, 1, 0, 0, 0, 1, 0, 0, 0, 0, 0, 0, 1, 0, 0, 0, 0, 1, 1, 1, 1, 1, 1, 6, 1, 1, 1, 1, 0, 1, 1, 1, 0, 1, 0, 1, 1, 1, 1, 0, 1, 1, 1, 1, 1, 1, 0, 0, 0, 0, 1, 1, 0, 4, 4, 4, 4, 1, -1, 0, 1, 1, 5, 6, 6, 6, 6, 6, 6, 6, 6, 6, 6, 6
600, 0, 1, 0, 0, 0, 1, 0, 0, 0, 0, 0, 0, 0, 0, 0, 0, 0, 0, 0, 1, 0, 0, 0, 1, 1, 0, 0, 0, 0, 0, 0, 0, 1, 1, 1, 1, 1, 1, 1, 1, 1, 1, 0, 1, 1, 1, 0, 1, 1, 0, 0, 0, 1, 0, 0, 1, 1, 1, 0, 1, 1, 0, 1, 0, 0, 0, 1, 0, 0, 1, 4, 4, 4, 4, 4, 6, 0, -1, 0, 6, 6, 6, 6, 6, 6, 6, 6, 6, 6, 6, 0, 1, 1, 1, 0, 1, 0, 0, 1, 0, 0, 0, 1, 0, 0, 0, 0, 0, 0, 1, 0, 0, 0, 0, 1, 1, 1, 1, 1, 1, 6, 1, 1, 1, 1, 0, 1, 1, 1, 0, 1, 0, 1, 1, 1, 1, 0, 1, 1, 1, 1, 1, 1, 0, 0, 0, 0, 1, 1, 0, 4, 4, 4, 4, 1, -1, 0, 1, 1, 5, 6, 6, 6, 6, 6, 6, 6, 6, 6, 6, 6
700, 0, 1, 0, 0, 0, 1, 0, 0, 0, 0, 0, 0, 0, 0, 0, 0, 0, 0, 0, 1, 0, 0, 0, 1, 1, 0, 0, 0, 0, 0, 0, 0, 1, 1, 1, 1, 1, 1, 1, 1, 1, 1, 0, 1, 1, 1, 0, 1, 1, 0, 0, 0, 1, 0, 0, 1, 1, 1, 0, 1, 1, 0, 1, 0, 0, 0, 1, 0, 0, 1, 4, 4, 4, 4, 4, 6, 0, -1, 0, 6, 6, 6, 6, 6, 6, 6, 6, 6, 6, 6, 0, 1, 1, 1, 0, 1, 0, 0, 1, 0, 0, 0, 1, 0, 0, 0, 0, 0, 0, 1, 0, 0, 0, 0, 1, 1, 1, 1, 1, 1, 6, 1, 1, 1, 1, 0, 1, 1, 1, 0, 1, 0, 1, 1, 1, 1, 0, 1, 1, 1, 1, 1, 1, 0, 0, 0, 0, 1, 1, 0, 4, 4, 4, 4, 1, -1, 0, 1, 1, 5, 6, 6, 6, 6, 6, 6, 6, 6, 6, 6, 6
800, 0, 1, 0, 0, 0, 1, 0, 0, 0, 0, 0, 0, 0, 0, 0, 0, 0, 0, 0, 1, 0, 0, 0, 1, 1, 0, 0, 0, 0, 0, 0, 0, 1, 1, 1, 1, 1, 1, 1, 1, 1, 1, 0, 1, 1, 1, 0, 1, 1, 0, 0, 0, 1, 0, 0, 1, 1, 1, 0, 1, 1, 0, 1, 0, 0, 0, 1, 0, 0, 1, 4, 4, 4, 4, 4, 6, 0, -1, 0, 6, 6, 6, 6, 6, 6, 6, 6, 6, 6, 6, 0, 1, 1, 1, 0, 1, 0, 0, 1, 0, 0, 0, 1, 0, 0, 0, 0, 0, 0, 1, 0, 0, 0, 0, 1, 1, 1, 1, 1, 1, 6, 1, 1, 1, 1, 0, 1, 1, 1, 0, 1, 0, 1, 1, 1, 1, 0, 1, 1, 1, 1, 1, 1, 0, 0, 0, 0, 1, 1, 0, 4, 4, 4, 4, 1, -1, 0, 1, 1, 5, 6, 6, 6, 6, 6, 6, 6, 6, 6, 6, 6
900, 0, 1, 0, 0, 0, 1, 0, 0, 0, 0, 0, 0, 0, 0, 0, 0, 0, 0, 0, 1, 0, 0, 0, 1, 1, 0, 0, 0, 0, 0, 0, 0, 1, 1, 1, 1, 1, 1, 1, 1, 1, 1, 0, 1, 1, 1, 0, 1, 1, 0, 0, 0, 1, 0, 0, 1, 1, 1, 0, 1, 1, 0, 1, 0, 0, 0, 1, 0, 0, 1, 4, 4, 4, 4, 4, 6, 0, -1, 0, 6, 6, 6, 6, 6, 6, 6, 6, 6, 6, 6, 0, 1, 1, 1, 0, 1, 0, 0, 1, 0, 0, 0, 1, 0, 0, 0, 0, 0, 0, 1, 0, 0, 0, 0, 1, 1, 1, 1, 1, 1, 6, 1, 1, 1, 1, 0, 1, 1, 1, 0, 1, 0, 1, 1, 1, 1, 0, 1, 1, 1, 1, 1, 1, 0, 0, 0, 0, 1, 1, 0, 4, 4, 4, 4, 1, -1, 0, 1, 1, 5, 6, 6, 6, 6, 6, 6, 6, 6, 6, 6, 6
1000, 0, 1, 0, 0, 0, 1, 0, 0, 0, 0, 0, 0, 0, 0, 0, 0, 0, 0, 0, 1, 0, 0, 0, 1, 1, 0, 0, 0, 0, 0, 0, 0, 1, 1, 1, 1, 1, 1, 1, 1, 1, 1, 0, 1, 1, 1, 0, 1, 1, 0, 0, 0, 1, 0, 0, 1, 1, 1, 0, 1, 1, 0, 1, 0, 0, 0, 1, 0, 0, 1, 4, 4, 4, 4, 4, 6, 0, -1, 0, 6, 6, 6, 6, 6, 6, 6, 6, 6, 6, 6, 0, 1, 1, 1, 0, 1, 0, 0, 1, 0, 0, 0, 1, 0, 0, 0, 0, 0, 0, 1, 0, 0, 0, 0, 1, 1, 1, 1, 1, 1, 6, 1, 1, 1, 1, 0, 1, 1, 1, 0, 1, 0, 1, 1, 1, 1, 0, 1, 1, 1, 1, 1, 1, 0, 0, 0, 0, 1, 1, 0, 4, 4, 4, 4, 1, -1, 0, 1, 1, 5, 6, 6, 6, 6, 6, 6, 6, 6, 6, 6, 6
1100, 0, 1, 0, 0, 0, 1, 0, 0, 0, 0, 0, 0, 0, 0, 0, 0, 0, 0, 0, 1, 0, 0, 0, 1, 1, 0, 0, 0, 0, 0, 0, 0, 1, 1, 1, 1, 1, 1, 1, 1, 1, 1, 0, 1, 1, 1, 0, 1, 1, 0, 0, 0, 1, 0, 0, 1, 1, 1, 0, 1, 1, 0, 1, 0, 0, 0, 1, 0, 0, 1, 4, 4, 4, 4, 4, 6, 0, -1, 0, 6, 6, 6, 6, 6, 6, 6, 6, 6, 6, 6, 0, 1, 1, 1, 0, 1, 0, 0, 1, 0, 0, 0, 1, 0, 0, 0, 0, 0, 0, 1, 0, 0, 0, 0, 1, 1, 1, 1, 1, 1, 6, 1, 1, 1, 1, 0, 1, 1, 1, 0, 1, 0, 1, 1, 1, 1, 0, 1, 1, 1, 1, 1, 1, 0, 0, 0, 0, 1, 1, 0, 4, 4, 4, 4, 1, -1, 0, 1, 1, 5, 6, 6, 6, 6, 6, 6, 6, 6, 6, 6, 6
1200, 0, 1, 0, 0, 0, 1, 0, 0, 0, 0, 0, 0, 0, 0, 0, 0, 0, 0, 0, 1, 0, 0, 0, 1, 1, 0, 0, 0, 0, 0, 0, 0, 1, 1, 1, 1, 1, 1, 1, 1, 1, 1, 0, 1, 1, 1, 0, 1, 1, 0, 0, 0, 1, 0, 0, 1, 1, 1, 0, 1, 1, 0, 1, 0, 0, 0, 1, 0, 0, 1, 4, 4, 4, 4, 4, 6, 0, -1, 0, 6, 6, 6, 6, 6, 6, 6, 6, 6, 6, 6, 0, 1, 1, 1, 0, 1, 0, 0, 1, 0, 0, 0, 1, 0, 0, 0, 0, 0, 0, 1, 0, 0, 0, 0, 1, 1, 1, 1, 1, 1, 6, 1, 1, 1, 1, 0, 1, 1, 1, 0, 1, 0, 1, 1, 1, 1, 0, 1, 1, 1, 1, 1, 1, 0, 0, 0, 0, 1, 1, 0, 4, 4, 4, 4, 1, -1, 0, 1, 1, 5, 6, 6, 6, 6, 6, 6, 6, 6, 6, 6, 6
1300, 0, 0, 0, 0, 0, 1, 0, 0, 0, 0, 0, 0, 0, 0, 0, 0, 0, 0, 0, 1, 0, 0, 0, 1, 1, 0, 0, 0, 0, 0, 0, 0, 1, 1, 1, 1, 0, 1, 1, 1, 1, 1, 0, 1, 1, 1, 1, 1, 1, 0, 0, 0, 1, 0, 0, 1, 1, 1, 0, 1, 1, 0, 1, 0, 0, 0, 1, 0, 0, 1, 4, 4, 4, 4, 4, 6, 1, -1, 0, 6, 6, 6, 6, 6, 6, 6, 6, 6, 6, 6, 0, 1, 1, 1, 0, 1, 0, 0, 1, 0, 0, 0, 1, 0, 0, 0, 0, 0, 0, 1, 0, 0, 0, 0, 1, 1, 1, 1, 1, 1, 6, 1, 1, 1, 1, 0, 1, 1, 1, 0, 1, 0, 1, 1, 1, 1, 0, 1, 1, 1, 1, 1, 1, 0, 0, 0, 0, 1, 1, 0, 4, 4, 4, 4, 1, -1, -1, 1, 1, 5, 6, 6, 6, 6, 6, 6, 6, 6, 6, 6, 6
1400, 0, 0, 0, 0, 0, 1, 0, 0, 0, 0, 0, 0, 0, 0, 0, 0, 0, 0, 0, 1, 0, 0, 0, 1, 1, 0, 0, 0, 0, 0, 0, 0, 1, 1, 1, 1, 0, 1, 1, 1, 1, 1, 0, 1, 1, 1, 1, 1, 1, 0, 0, 0, 1, 0, 0, 1, 1, 1, 0, 1, 1, 0, 1, 0, 0, 0, 1, 0, 0, 1, 4, 4, 4, 4, 4, 6, 1, -1, 0, 6, 6, 6, 6, 6, 6, 6, 6, 6, 6, 6, 0, 1, 1, 1, 0, 1, 0, 0, 1, 0, 0, 0, 1, 0, 0, 0, 0, 0, 0, 1, 0, 0, 0, 0, 1, 1, 1, 1, 1, 1, 6, 1, 1, 1, 1, 0, 1, 1, 1, 0, 1, 0, 1, 1, 1, 1, 0, 1, 1, 1, 1, 1, 1, 0, 0, 0, 0, 1, 1, 0, 4, 4, 4, 4, 1, -1, -1, 1, 1, 5, 6, 6, 6, 6, 6, 6, 6, 6, 6, 6, 6
1500, 0, 0, 0, 0, 0, 1, 0, 0, 0, 0, 0, 0, 0, 0, 0, 0, 0, 0, 0, 1, 0, 0, 0, 1, 1, 0, 0, 0, 0, 0, 0, 0, 1, 1, 1, 1, 0, 1, 1, 1, 1, 1, 0, 1, 1, 1, 1, 1, 1, 0, 0, 0, 1, 0, 0, 1, 1, 1, 0, 1, 1, 0, 1, 0, 0, 0, 1, 0, 0, 1, 4, 4, 4, 4, 4, 6, 1, -1, 0, 6, 6, 6, 6, 6, 6, 6, 6, 6, 6, 6, 0, 1, 1, 1, 0, 1, 0, 0, 1, 0, 0, 0, 1, 0, 0, 0, 0, 0, 0, 1, 0, 0, 0, 0, 1, 1, 1, 1, 1, 1, 6, 1, 1, 1, 1, 0, 1, 1, 1, 0, 1, 0, 1, 1, 1, 1, 0, 1, 1, 1, 1, 1, 1, 0, 0, 0, 0, 1, 1, 0, 4, 4, 4, 4, 1, -1, -1, 1, 1, 5, 6, 6, 6, 6, 6, 6, 6, 6, 6, 6, 6
1600, 0, 0, 0, 0, 0, 1, 0, 0, 0, 0, 0, 0, 0, 0, 0, 0, 0, 0, 0, 1, 0, 0, 0, 0, 1, 0, 0, 0, 0, 0, 0, 0, 1, 1, 1, 1, 1, 1, 1, 1, 1, 1, 0, 1, 1, 1, 1, 1, 1, 0, 0, 0, 1, 0, 0, 1, 1, 1, 0, 1, 1, 0, 1, 0, 0, 0, 1, 0, 0, 1, 4, 4, 4, 4, 4, 6, 0, -1, 0, 6, 6, 6, 6, 6, 6, 6, 6, 6, 6, 6, 0, 1, 1, 1, 0, 1, 0, 0, 1, 0, 0, 0, 1, 0, 0, 0, 0, 0, 0, 1, 0, 0, 0, 0, 1, 1, 1, 1, 1, 1, 6, 1, 1, 1, 1, 0, 1, 1, 1, 1, 1, 0, 1, 1, 1, 1, 0, 1, 1, 1, 1, 1, 1, 0, 1, 0, 0, 1, 1, 0, 4, 4, 4, 4, 1, -1, 0, 1, 1, 5, 6, 6, 6, 6, 6, 6, 6, 6, 6, 6, 6
1700, 0, 0, 0, 0, 0, 1, 0, 0, 0, 0, 0, 0, 0, 0, 0, 0, 0, 0, 0, 1, 0, 0, 0, 0, 1, 0, 0, 0, 0, 0, 0, 0, 1, 1, 1, 1, 1, 1, 1, 1, 1, 1, 0, 1, 1, 1, 1, 1, 1, 0, 1, 0, 1, 0, 0, 1, 1, 1, 0, 1, 1, 0, 1, 0, 0, 0, 1, 0, 0, 1, 4, 4, 4, 4, 4, 6, 0, 5, 0, 6, 6, 6, 6, 6, 6, 6, 6, 6, 6, 6, 0, 1, 1, 1, 0, 1, 0, 0, 1, 0, 0, 0, 1, 0, 0, 0, 0, 0, 0, 1, 0, 0, 0, 0, 1, 1, 1, 1, 1, 1, 6, 1, 1, 1, 1, 0, 1, 1, 1, 1, 1, 0, 1, 1, 1, 1, 0, 1, 1, 1, 1, 1, 1, 0, 1, 0, 0, 1, 1, 0, 4, 4, 4, 4, 1, -1, 0, 1, 1, 5, 6, 6, 6, 6, 6, 6, 6, 6, 6, 6, 6
1800, 0, 0, 0, 0, 0, 1, 0, 0, 0, 0, 0, 0, 0, 0, 0, 0, 0, 0, 0, 1, 0, 0, 0, 0, 1, 0, 0, 0, 0, 0, 0, 0, 1, 1, 1, 1, 1, 1, 1, 1, 1, 1, 0, 1, 1, 1, 1, 1, 1, 0, 1, 0, 1, 0, 0, 1, 1, 1, 0, 1, 1, 0, 1, 0, 0, 0, 1, 0, 0, 1, 4, 4, 4, 4, 4, 6, 0, 5, 0, 6, 6, 6, 6, 6, 6, 6, 6, 6, 6, 6, 0, 1, 1, 1, 0, 1, 0, 0, 1, 0, 0, 0, 1, 0, 0, 0, 0, 0, 0, 1, 0, 0, 0, 0, 1, 1, 1, 1, 1, 1, 6, 1, 1, 1, 1, 0, 1, 1, 1, 1, 1, 0, 1, 1, 1, 1, 0, 1, 1, 1, 1, 1, 1, 0, 1, 0, 0, 1, 1, 0, 4, 4, 4, 4, 1, -1, 0, 1, 1, 5, 6, 6, 6, 6, 6, 6, 6, 6, 6, 6, 6
1900, 0, 0, 0, 0, 0, 1, 0, 0, 0, 0, 0, 0, 0, 0, 0, 0, 0, 0, 0, 1, 0, 0, 0, 0, 1, 0, 0, 0, 0, 0, 0, 0, 1, 1, 1, 1, 1, 1, 1, 1, 1, 1, 0, 1, 1, 1, 1, 1, 1, 0, 1, 0, 1, 0, 0, 1, 1, 1, 0, 1, 1, 0, 1, 0, 0, 0, 1, 0, 0, 1, 4, 4, 4, 4, 4, 6, 0, 5, 0, 6, 6, 6, 6, 6, 6, 6, 6, 6, 6, 6, 0, 1, 1, 1, 0, 1, 0, 0, 1, 0, 0, 0, 1, 0, 0, 0, 0, 0, 0, 1, 0, 0, 0, 0, 1, 1, 1, 1, 1, 1, 6, 1, 1, 1, 1, 0, 1, 1, 1, 1, 1, 0, 1, 1, 1, 1, 0, 1, 1, 1, 1, 1, 1, 0, 1, 0, 0, 1, 1, 2, 4, 4, 4, 4, 1, -1, 0, 1, 1, 5, 6, 6, 6, 6, 6, 6, 6, 6, 6, 6, 6
2000, 0, 0, 0, 0, 0, 1, 0, 0, 0, 0, 0, 0, 0, 0, 0, 0, 0, 0, 0, 1, 0, 0, 0, 0, 1, 0, 0, 0, 0, 0, 0, 0, 1, 1, 1, 1, 1, 1, 1, 1, 1, 1, 0, 1, 1, 1, 1, 1, 1, 0, 1, 0, 1, 0, 0, 1, 1, 1, 0, 1, 1, 0, 1, 0, 0, 0, 1, 0, 0, 1, 4, 4, 4, 4, 4, 6, 0, 5, 0, 6, 6, 6, 6, 6, 6, 6, 6, 6, 6, 6, 0, 1, 1, 1, 0, 1, 0, 0, 1, 0, 0, 0, 1, 0, 0, 0, 0, 0, 0, 1, 0, 0, 0, 0, 1, 1, 1, 1, 1, 1, 6, 1, 1, 1, 1, 0, 1, 1, 1, 1, 1, 0, 1, 1, 1, 1, 0, 1, 1, 1, 1, 1, 1, 0, 1, 0, 0, 1, 1, 2, 4, 4, 4, 4, 1, -1, 0, 1, 1, 5, 6, 6, 6, 6, 6, 6, 6, 6, 6, 6, 6
2100, 0, 0, 0, 0, 0, 1, 0, 0, 0, 0, 0, 0, 0, 0, 0, 0, 0, 0, 0, 1, 0, 0, 0, 0, 1, 0, 0, 0, 0, 0, 0, 0, 1, 1, 1, 1, 1, 1, 1, 1, 1, 1, 0, 1, 1, 1, 1, 1, 1, 0, 1, 0, 1, 0, 0, 1, 1, 1, 0, 1, 1, 0, 1, 0, 0, 0, 1, 0, 0, 1, 4, 4, 4, 4, 4, 6, 0, 5, 0, 6, 6, 6, 6, 6, 6, 6, 6, 6, 6, 6, 0, 1, 1, 1, 0, 1, 0, 0, 1, 0, 0, 0, 1, 0, 0, 0, 0, 0, 0, 1, 0, 0, 0, 0, 1, 1, 1, 1, 1, 1, 6, 1, 1, 1, 1, 0, 1, 1, 1, 1, 1, 0, 1, 1, 1, 1, 0, 1, 1, 1, 1, 1, 1, 0, 1, 0, 0, 1, 1, 2, 4, 4, 4, 4, 4, -1, 0, 6, 6, 5, 6, 6, 6, 6, 6, 6, 6, 6, 6, 6, 6
2200, 0, 0, 0, 0, 0, 1, 0, 0, 0, 0, 0, 0, 0, 0, 0, 0, 0, 0, 0, 1, 0, 0, 0, 0, 1, 0, 0, 0, 0, 0, 0, 0, 1, 1, 1, 1, 1, 1, 1, 1, 1, 1, 0, 1, 1, 1, 1, 1, 1, 0, 1, 0, 1, 0, 0, 1, 1, 1, 0, 1, 1, 0, 1, 0, 0, 0, 1, 0, 0, 1, 4, 4, 4, 4, 4, 6, 0, 5, 0, 6, 6, 6, 6, 6, 6, 6, 6, 6, 6, 6, 0, 1, 1, 1, 0, 1, 0, 0, 1, 0, 0, 0, 1, 0, 0, 0, 0, 0, 0, 1, 0, 0, 0, 0, 1, 1, 1, 1, 1, 1, 6, 1, 1, 1, 1, 0, 1, 1, 1, 1, 1, 0, 1, 1, 1, 1, 0, 1, 1, 1, 1, 1, 1, 0, 1, 0, 0, 1, 1, 2, 4, 4, 4, 4, 4, -1, 0, 6, 6, 5, 6, 6, 6, 6, 6, 6, 6, 6, 6, 6, 6
2300, 0, 0, 0, 0, 0, 1, 0, 0, 0, 0, 0, 0, 0, 0, 0, 0, 0, 0, 0, 1, 0, 0, 0, 0, 1, 0, 0, 0, 0, 0, 0, 0, 1, 1, 1, 1, 1, 1, 1, 1, 1, 1, 0, 1, 1, 1, 1, 1, 1, 0, 1, 0, 1, 0, 0, 1, 1, 1, 0, 1, 1, 0, 1, 0, 0, 0, 1, 0, 0, 1, 4, 4, 4, 4, 4, 6, 0, 5, 0, 6, 6, 6, 6, 6, 6, 6, 6, 6, 6, 6, 0, 1, 1, 1, 0, 1, 0, 0, 1, 0, 0, 0, 1, 0, 0, 0, 0, 0, 0, 1, 0, 0, 0, 0, 1, 1, 1, 1, 1, 1, 6, 1, 1, 1, 1, 0, 1, 1, 1, 1, 1, 0, 1, 1, 1, 1, 0, 1, 1, 1, 1, 1, 1, 0, 1, 0, 0, 1, 1, 2, 4, 4, 4, 4, 4, -1, 0, 6, 6, 5, 6, 6, 6, 6, 6, 6, 6, 6, 6, 6, 6
2400, 0, 0, 0, 0, 0, 1, 0, 0, 0, 0, 0, 0, 0, 0, 0, 0, 0, 0, 0, 1, 0, 0, 0, 0, 1, 0, 0, 0, 0, 0, 0, 0, 1, 1, 1, 1, 1, 1, 1, 1, 1, 1, 0, 1, 1, 1, 1, 1, 1, 0, 1, 0, 1, 0, 0, 1, 1, 1, 0, 1, 1, 0, 1, 0, 0, 0, 1, 0, 0, 1, 4, 4, 4, 4, 4, 6, 0, 5, 0, 6, 6, 6, 6, 6, 6, 6, 6, 6, 6, 6, 0, 1, 1, 1, 0, 1, 0, 0, 1, 0, 0, 0, 1, 0, 0, 0, 0, 0, 0, 1, 0, 0, 0, 0, 1, 1, 1, 1, 1, 1, 6, 1, 1, 1, 1, 0, 1, 1, 1, 1, 1, 0, 1, 1, 1, 1, 0, 1, 1, 1, 1, 1, 1, 0, 1, 0, 0, 1, 1, 2, 4, 4, 4, 4, 4, -1, 0, 6, 6, 5, 6, 6, 6, 6, 6, 6, 6, 6, 6, 6, 6
2500, 0, 0, 0, 0, 0, 1, 0, 0, 0, 0, 0, 0, 0, 0, 0, 0, 0, 0, 0, 1, 0, 0, 0, 0, 1, 0, 0, 0, 0, 0, 0, 0, 1, 1, 1, 1, 1, 1, 1, 1, 1, 1, 0, 1, 1, 1, 1, 1, 1, 0, 1, 0, 1, 0, 0, 1, 1, 1, 0, 1, 1, 0, 1, 0, 0, 0, 1, 0, 0, 1, 4, 4, 4, 4, 4, 6, 0, 5, 0, 6, 6, 6, 6, 6, 6, 6, 6, 6, 6, 6, 0, 1, 1, 1, 0, 1, 0, 0, 1, 0, 0, 0, 1, 0, 0, 0, 0, 0, 0, 1, 0, 0, 0, 0, 1, 1, 1, 1, 1, 1, 6, 1, 1, 1, 1, 0, 1, 1, 1, 1, 1, 0, 1, 1, 1, 1, 0, 1, 1, 1, 1, 1, 1, 0, 1, 0, 0, 1, 1, 2, 4, 4, 4, 4, 4, -1, 0, 6, 6, 5, 6, 6, 6, 6, 6, 6, 6, 6, 6, 6, 6
2600, 0, 0, 0, 0, 0, 1, 0, 0, 0, 0, 0, 0, 0, 0, 0, 0, 0, 0, 0, 1, 0, 0, 0, 0, 1, 0, 0, 0, 0, 0, 0, 0, 1, 1, 1, 1, 1, 1, 1, 1, 1, 1, 0, 1, 1, 1, 1, 1, 1, 0, 1, 0, 1, 0, 0, 1, 1, 1, 0, 1, 1, 0, 1, 0, 0, 2, 1, 0, 0, 1, 4, 4, 4, 4, 4, 6, 0, 5, 0, 6, 6, 6, 6, 6, 6, 6, 6, 6, 6, 6, 0, 1, 1, 1, 0, 1, 0, 0, 1, 0, 0, 0, 1, 0, 0, 0, 0, 0, 0, 1, 0, 0, 0, 0, 1, 1, 1, 1, 1, 1, 6, 1, 1, 1, 1, 0, 1, 1, 1, 1, 1, 0, 1, 1, 1, 1, 0, 1, 1, 1, 1, 1, 1, 0, 1, 0, 0, 1, 1, 2, 4, 4, 4, 4, 4, -1, 0, 1, 1, 5, 6, 6, 6, 6, 6, 6, 6, 6, 6, 6, 6
2700, 0, 0, 0, 0, 0, 1, 0, 0, 0, 0, 0, 0, 0, 0, 0, 0, 0, 0, 0, 1, 0, 0, 0, 5, 1, 0, 0, 0, 0, 0, 0, 0, 1, 1, 1, 1, 1, 1, 1, 1, 1, 1, 0, 1, 1, 1, 1, 1, 1, 0, 1, 0, 1, 0, 0, 1, 1, 1, 0, 1, 1, 0, 1, 0, 0, 2, 1, 0, 0, 1, 4, 4, 4, 4, 4, 6, 0, 5, 0, 6, 6, 6, 6, 6, 6, 6, 6, 6, 6, 6, 0, 1, 1, 1, 0, 1, 0, 0, 1, 0, 0, 0, 1, 0, 0, 0, 0, 0, 0, 1, 0, 0, 0, 0, 1, 1, 1, 1, 1, 1, 6, 1, 1, 1, 1, 0, 1, 1, 1, 1, 1, 0, 1, 1, 1, 1, 0, 1, 1, 1, 1, 1, 1, 0, 1, 0, 0, 1, 1, 2, 4, 4, 4, 4, 4, -1, 0, 5, 5, 5, 6, 6, 6, 6, 6, 6, 6, 6, 6, 6, 6
2800, 0, 0, 0, 0, 0, 1, 0, 0, 0, 0, 0, 0, 0, 0, 0, 0, 0, 0, 0, 1, 0, 0, 0, 5, 1, 0, 0, 0, 0, 0, 0, 0, 1, 1, 1, 1, 1, 1, 1, 1, 1, 1, 0, 1, 1, 1, 1, 1, 1, 0, 1, 0, 1, 0, 0, 1, 1, 1, 0, 1, 1, 0, 1, 0, 0, 2, 1, 0, 0, 1, 4, 4, 4, 4, 4, 6, 0, 5, 0, 6, 6, 6, 6, 6, 6, 6, 6, 6, 6, 6, 0, 1, 1, 1, 0, 1, 0, 0, 1, 0, 0, 0, 1, 0, 0, 0, 0, 0, 0, 1, 0, 0, 0, 0, 1, 1, 1, 1, 1, 1, 6, 1, 1, 1, 1, 0, 1, 1, 1, 1, 1, 0, 1, 1, 1, 1, 0, 1, 1, 1, 1, 1, 1, 0, 1, 0, 0, 1, 1, 2, 4, 4, 4, 4, 4, -1, 0, 5, 5, 5, 6, 6, 6, 6, 6, 6, 6, 6, 6, 6, 6
2900, 0, 0, 0, 0, 0, 1, 0, 0, 0, 0, 0, 0, 0, 0, 0, 0, 0, 0, 0, 1, 0, 0, 0, 5, 1, 0, 0, 0, 0, 0, 0, 0, 1, 1, 1, 1, 1, 1, 1, 1, 1, 1, 0, 1, 1, 1, 1, 1, 1, 0, 1, 0, 1, 0, 0, 1, 1, 1, 0, 1, 1, 0, 1, 0, 0, 2, 1, 0, 0, 1, 4, 4, 4, 4, 4, 6, 0, 5, 0, 6, 6, 6, 6, 6, 6, 6, 6, 6, 6, 6, 0, 1, 1, 1, 0, 1, 0, 0, 1, 0, 0, 0, 1, 0, 0, 0, 0, 0, 0, 1, 0, 0, 0, 0, 1, 1, 1, 1, 1, 1, 6, 1, 1, 1, 1, 0, 1, 1, 1, 1, 1, 0, 1, 1, 1, 1, 0, 1, 1, 1, 1, 1, 1, 0, 1, 0, 0, 1, 1, 2, 4, 4, 4, 4, 4, -1, 0, 5, 5, 5, 6, 6, 6, 6, 6, 6, 6, 6, 6, 6, 6
3000, 0, 0, 0, 0, 0, 1, 0, 0, 0, 0, 0, 0, 0, 0, 0, 0, 0, 0, 0, 1, 0, 0, 0, 5, 1, 0, 0, 0, 0, 0, 0, 0, 1, 1, 1, 1, 1, 1, 1, 1, 1, 1, 0, 1, 1, 1, 1, 1, 1, 0, 1, 0, 1, 0, 0, 1, 1, 1, 0, 1, 1, 0, 1, 0, 0, 2, 1, 0, 0, 1, 4, 4, 4, 4, 4, 6, 0, 5, 0, 6, 6, 6, 6, 6, 6, 6, 6, 6, 6, 6, 0, 1, 1, 1, 0, 1, 0, 0, 1, 0, 0, 0, 1, 0, 0, 0, 0, 0, 0, 1, 0, 0, 0, 0, 1, 1, 1, 1, 1, 1, 6, 1, 1, 1, 1, 0, 1, 1, 1, 1, 1, 0, 1, 1, 1, 1, 0, 1, 1, 1, 1, 1, 1, 0, 1, 0, 0, 1, 1, 2, 4, 4, 4, 4, 4, -1, 0, 5, 5, 5, 6, 6, 6, 6, 6, 6, 6, 6, 6, 6, 6
3100, 0, 0, 0, 0, 0, 1, 0, 0, 0, 0, 0, 0, 0, 0, 0, 0, 0, 0, 0, 0, 0, 0, 0, 0, 1, 0, 0, 0, 0, 0, 0, 0, 1, 1, 1, 1, 0, 1, 1, 1, 1, 1, 0, 1, 1, 1, 1, 1, 1, 0, 1, 0, 1, 0, 0, 1, 1, 1, 0, 1, 1, 0, 1, 0, 0, 2, 1, 0, 0, 0, 4, 4, 4, 4, 4, 6, 0, 5, 0, 6, 6, 6, 6, 6, 6, 6, 6, 6, 6, 6, 0, 0, 1, 1, 0, 1, 0, 0, 1, 0, 0, 0, 1, 0, 0, 0, 0, 0, 0, 1, 0, 0, 0, 0, 1, 1, 1, 1, 1, 1, 6, 1, 1, 1, 1, 0, 1, 1, 1, 1, 1, 0, 1, 1, 1, 1, 0, 1, 1, 0, 1, 1, 1, 0, 0, 0, 0, 0, 0, 2, 4, 4, 4, 4, 4, 0, 0, 5, 5, 5, 6, 6, 6, 6, 6, 6, 6, 6, 6, 6, 6
3200, 0, 0, 0, 0, 0, 1, 0, 0, 0, 0, 0, 0, 0, 0, 0, 0, 0, 0, 0, 0, 0, 0, 0, 0, 1, 0, 0, 0, 0, 0, 0, 0, 1, 1, 1, 1, 0, 1, 1, 1, 1, 1, 0, 1, 1, 1, 1, 1, 1, 0, 1, 0, 1, 0, 0, 1, 1, 1, 0, 1, 1, 0, 1, 0, 0, 2, 1, 0, 0, 0, 4, 4, 4, 4, 4, 6, 0, 5, 0, 6, 6, 6, 6, 6, 6, 6, 6, 6, 6, 6, 0, 0, 1, 1, 0, 1, 0, 0, 1, 0, 0, 0, 1, 0, 0, 0, 0, 0, 0, 1, 0, 0, 0, 0, 1, 1, 1, 1, 1, 1, 6, 1, 1, 1, 1, 0, 1, 1, 1, 1, 1, 0, 1, 1, 1, 1, 0, 1, 1, 0, 1, 1, 1, 0, 0, 0, 0, 0, 0, 2, 4, 4, 4, 4, 4, 0, 0, 5, 5, 5, 6, 6, 6, 6, 6, 6, 6, 6, 6, 6, 6
3300, 0, 0, 0, 0, 0, 1, 0, 0, 0, 0, 0, 0, 0, 0, 0, 0, 0, 0, 0, 0, 0, 0, 0, 0, 1, 0, 0, 0, 0, 0, 0, 0, 1, 1, 1, 1, 0, 1, 1, 1, 1, 1, 0, 1, 1, 1, 1, 1, 1, 0, 1, 0, 1, 0, 0, 1, 1, 1, 0, 1, 1, 0, 1, 0, 0, 2, 1, 0, 0, 0, 4, 4, 4, 4, 4, 6, 0, 5, 0, 6, 6, 6, 6, 6, 6, 6, 6, 6, 6, 6, 0, 0, 1, 1, 0, 1, 0, 0, 1, 0, 0, 0, 1, 0, 0, 0, 0, 0, 0, 1, 0, 0, 0, 0, 1, 1, 1, 1, 1, 1, 6, 1, 1, 1, 1, 0, 1, 1, 1, 1, 1, 0, 1, 1, 1, 1, 0, 1, 1, 0, 1, 1, 1, 0, 0, 0, 0, 0, 0, 2, 4, 4, 4, 4, 4, 0, 0, 5, 5, 5, 6, 6, 6, 6, 6, 6, 6, 6, 6, 6, 6
3400, 0, 0, 0, 0, 0, 0, 0, 0, 0, 0, 0, 0, 0, 0, 0, 0, 0, 0, 0, 0, 0, 0, 0, 0, 1, 0, 0, 0, 0, 0, 0, 0, 1, 1, 1, 1, 0, 1, 1, 1, 1, 1, 0, 1, 1, 1, 1, 1, 1, 0, 1, 0, 1, 0, 0, 1, 1, 1, 0, 1, 1, 0, 1, 0, 0, 2, 1, 0, 0, 0, 4, 4, 4, 4, 4, 6, 4, 5, 0, 6, 6, 6, 6, 6, 6, 6, 6, 6, 6, 6, 0, 1, 1, 0, 0, 0, 0, 0, 1, 0, 0, 0, 1, 0, 0, 0, 0, 0, 0, 0, 0, 0, 0, 0, 1, 1, 1, 1, 1, 1, 6, 1, 0, 1, 1, 0, 1, 1, 1, 1, 1, 0, 1, 1, 1, 1, 0, 1, 1, 0, 1, 1, 1, 0, 0, 0, 0, 1, 0, 2, 4, 4, 4, 4, 4, -1, 0, 5, 5, 5, 6, 6, 6, 6, 6, 6, 6, 6, 6, 6, 6
3500, 0, 0, 0, 0, 0, 0, 0, 0, 0, 0, 0, 0, 0, 0, 0, 0, 0, 0, 0, 0, 0, 0, 0, 0, 1, 0, 0, 0, 0, 0, 0, 0, 1, 1, 1, 1, 0, 1, 1, 1, 1, 1, 0, 1, 1, 1, 1, 1, 1, 0, 1, 0, 1, 0, 0, 1, 1, 1, 0, 1, 1, 0, 1, 0, 0, 2, 1, 0, 0, 0, 4, 4, 4, 4, 4, 6, 1, 5, 0, 6, 6, 6, 6, 6, 6, 6, 6, 6, 6, 6, 0, 0, 1, 0, 0, 0, 0, 0, 1, 0, 0, 0, 1, 0, 0, 0, 0, 0, 0, 0, 0, 0, 0, 0, 1, 1, 1, 1, 1, 1, 6, 1, 0, 1, 1, 0, 1, 1, 1, 1, 1, 0, 1, 1, 1, 1, 0, 1, 1, 0, 1, 1, 1, 0, 0, 0, 0, 1, 0, 2, 4, 4, 4, 4, 4, -1, 0, 5, 5, 5, 6, 6, 6, 6, 6, 6, 6, 6, 6, 6, 6
3600, 0, 0, 0, 0, 0, 0, 0, 0, 0, 0, 0, 0, 0, 0, 0, 0, 0, 0, 0, 0, 0, 0, 0, 0, 1, 0, 0, 0, 0, 0, 0, 0, 1, 1, 1, 1, 0, 1, 1, 1, 1, 1, 0, 1, 1, 1, 1, 1, 1, 0, 1, 0, 1, 0, 0, 1, 1, 1, 0, 1, 1, 0, 1, 0, 0, 2, 1, 0, 0, 0, 4, 4, 4, 4, 4, 6, 1, 5, 0, 6, 6, 6, 6, 6, 6, 6, 6, 6, 6, 6, 0, 0, 1, 0, 0, 0, 0, 0, 1, 0, 0, 0, 1, 0, 0, 0, 0, 0, 0, 0, 0, 0, 0, 0, 1, 1, 1, 1, 1, 1, 6, 1, 0, 1, 1, 0, 1, 1, 1, 1, 1, 0, 1, 1, 1, 1, 0, 1, 1, 0, 1, 1, 1, 0, 0, 0, 0, 1, 0, 2, 4, 4, 4, 4, 4, -1, 0, 5, 5, 5, 6, 6, 6, 6, 6, 6, 6, 6, 6, 6, 6
3700, 0, 0, 0, 0, 0, 0, 0, 0, 0, 0, 0, 0, 0, 0, 0, 0, 0, 0, 0, 0, 0, 0, 0, 0, 1, 0, 0, 0, 0, 0, 0, 0, 1, 1, 1, 1, 0, 1, 1, 1, 1, 1, 0, 1, 1, 1, 1, 1, 1, 0, 1, 0, 1, 0, 0, 1, 1, 1, 0, 1, 1, 0, 1, 0, 0, 2, 1, 0, 0, 0, 4, 4, 4, 4, 4, 6, 1, 5, 0, 6, 6, 6, 6, 6, 6, 6, 6, 6, 6, 6, 0, 0, 1, 0, 0, 0, 0, 0, 1, 0, 0, 0, 1, 0, 0, 0, 0, 0, 0, 0, 0, 0, 0, 0, 1, 1, 1, 1, 1, 1, 6, 1, 0, 1, 1, 0, 1, 1, 1, 1, 1, 0, 1, 1, 1, 1, 0, 1, 1, 0, 1, 1, 1, 0, 0, 0, 0, 1, 0, 2, 4, 4, 4, 4, 4, -1, 0, 5, 5, 5, 6, 6, 6, 6, 6, 6, 6, 6, 6, 6, 6
3800, 0, 0, 0, 0, 0, 0, 0, 0, 0, 0, 0, 0, 0, 0, 0, 0, 0, 0, 0, 0, 0, 0, 0, 0, 1, 0, 0, 0, 0, 0, 0, 0, 1, 1, 1, 1, 0, 1, 1, 1, 1, 1, 0, 1, 1, 1, 1, 1, 1, 0, 1, 0, 1, 0, 0, 1, 1, 1, 0, 1, 1, 0, 1, 0, 0, 2, 1, 0, 0, 0, 4, 4, 4, 4, 4, 6, 1, 5, 0, 6, 6, 6, 6, 6, 6, 6, 6, 6, 6, 6, 0, 0, 1, 0, 0, 0, 0, 0, 1, 0, 0, 0, 1, 0, 0, 0, 0, 0, 0, 0, 0, 0, 0, 0, 1, 1, 1, 1, 1, 1, 6, 1, 0, 1, 1, 0, 1, 1, 1, 1, 1, 0, 1, 1, 1, 1, 0, 1, 1, 0, 1, 1, 1, 0, 0, 0, 0, 1, 0, 2, 4, 4, 4, 4, 4, -1, 0, 5, 5, 5, 6, 6, 6, 6, 6, 6, 6, 6, 6, 6, 6
3900, 0, 0, 0, 0, 0, 0, 0, 0, 0, 0, 0, 0, 0, 0, 0, 0, 0, 0, 0, 0, 0, 0, 0, 0, 1, 0, 0, 0, 0, 0, 0, 0, 1, 1, 1, 1, 0, 1, 1, 1, 1, 1, 0, 1, 1, 1, 1, 1, 1, 0, 1, 0, 1, 0, 0, 1, 1, 1, 0, 1, 1, 0, 1, 0, 0, 2, 1, 0, 0, 0, 4, 4, 4, 4, 4, 6, 0, 5, 0, 6, 6, 6, 6, 6, 6, 6, 6, 6, 6, 6, 0, 0, 1, 0, 0, 0, 0, 0, 1, 0, 0, 0, 1, 0, 0, 0, 0, 0, 0, 0, 0, 0, 0, 0, 1, 1, 1, 1, 1, 1, 6, 1, 0, 1, 1, 0, 1, 1, 1, 1, 1, 0, 1, 1, 1, 1, 0, 1, 1, 0, 1, 1, 1, 0, 0, 0, 0, 1, 0, 2, 4, 4, 4, 4, 4, 5, 0, 5, 5, 5, 6, 6, 6, 6, 6, 6, 6, 6, 6, 6, 6
4000, 0, 0, 0, 0, 0, 0, 0, 0, 0, 0, 0, 0, 0, 0, 0, 0, 0, 0, 0, 0, 0, 0, 0, 0, 1, 0, 0, 0, 0, 0, 0, 0, 1, 1, 1, 1, 0, 1, 1, 1, 1, 1, 0, 1, 1, 1, 1, 1, 1, 0, 1, 0, 1, 0, 0, 1, 1, 1, 0, 1, 1, 0, 1, 0, 0, 2, 1, 0, 0, 0, 4, 4, 4, 4, 4, 6, 0, 5, 0, 6, 6, 6, 6, 6, 6, 6, 6, 6, 6, 6, 0, 0, 1, 0, 0, 0, 0, 0, 1, 0, 0, 0, 1, 0, 0, 0, 0, 0, 0, 0, 0, 0, 0, 0, 1, 1, 1, 1, 1, 1, 6, 1, 0, 1, 1, 0, 1, 1, 1, 1, 1, 0, 1, 1, 1, 1, 0, 1, 1, 0, 1, 1, 1, 0, 0, 0, 0, 1, 0, 2, 4, 4, 4, 4, 4, 5, 5, 5, 5, 5, 6, 6, 6, 6, 6, 6, 6, 6, 6, 6, 6
4100, 0, 0, 0, 0, 0, 0, 0, 0, 0, 0, 0, 0, 0, 0, 0, 0, 0, 0, 0, 0, 0, 0, 0, 0, 1, 0, 0, 0, 0, 0, 0, 0, 1, 1, 1, 1, 0, 1, 1, 1, 1, 1, 0, 1, 1, 1, 1, 1, 1, 0, 1, 0, 1, 0, 0, 1, 1, 1, 0, 1, 1, 0, 1, 0, 0, 2, 1, 0, 0, 0, 4, 4, 4, 4, 4, 6, 0, 5, 0, 6, 6, 6, 6, 6, 6, 6, 6, 6, 6, 6, 0, 0, 1, 0, 0, 0, 0, 0, 1, 0, 0, 0, 1, 0, 0, 0, 0, 0, 0, 0, 0, 0, 0, 0, 1, 1, 1, 1, 1, 1, 6, 1, 0, 1, 1, 0, 1, 1, 1, 1, 1, 0, 1, 1, 1, 1, 0, 1, 1, 0, 1, 1, 1, 0, 0, 0, 0, 1, 0, 2, 4, 4, 4, 4, 4, 5, 5, 5, 5, 5, 6, 6, 6, 6, 6, 6, 6, 6, 6, 6, 6
4200, 0, 0, 0, 0, 0, 0, 0, 0, 0, 0, 0, 0, 0, 0, 0, 0, 0, 0, 0, 0, 0, 0, 0, 0, 0, 0, 0, 0, 0, 0, 0, 0, 1, 1, 1, 1, 0, 1, 1, 1, 1, 1, 0, 1, 1, 1, 1, 1, 1, 0, 1, 0, 1, 0, 0, 1, 1, 1, 0, 1, 1, 0, 1, 0, 0, 2, 1, 0, 0, 0, 4, 4, 4, 4, 4, 6, 6, 5, 0, 6, 6, 6, 6, 6, 6, 6, 6, 6, 6, 6, 0, 0, 1, 0, 0, 0, 0, 0, 1, 0, 0, 0, 1, 0, 0, 0, 0, 0, 0, 0, 0, 0, 0, 0, 1, 1, 1, 1, 1, 1, 6, 1, 0, 1, 1, 0, 1, 1, 1, 1, 1, 0, 1, 1, 1, 1, 0, 1, 1, 0, 1, 1, 1, 0, 0, 0, 0, 1, 0, 2, 4, 4, 4, 4, 4, 5, 5, 5, 5, 5, 6, 6, 6, 6, 6, 6, 6, 6, 6, 6, 6
4300, 0, 0, 0, 0, 0, 0, 0, 0, 0, 0, 0, 0, 0, 0, 0, 0, 0, 0, 0, 0, 0, 0, 0, 0, 0, 0, 0, 0, 0, 0, 0, 0, 1, 1, 1, 1, 0, 1, 1, 1, 1, 1, 0, 1, 1, 1, 1, 1, 1, 0, 1, 0, 1, 0, 0, 1, 1, 1, 0, 1, 1, 1, 1, 0, 0, 2, 1, 0, 0, 0, 4, 4, 4, 4, 4, 6, 0, 5, 0, 6, 6, 6, 6, 6, 6, 6, 6, 6, 6, 6, 0, 0, 1, 0, 0, 0, 0, 0, 1, 0, 0, 0, 1, 0, 0, 0, 0, 0, 0, 0, 0, 0, 0, 0, 1, 1, 1, 1, 1, 1, 6, 1, 0, 1, 1, 0, 1, 1, 1, 1, 1, 0, 1, 1, 1, 1, 0, 1, 1, 0, 1, 1, 1, 0, 0, 0, 0, 1, 0, 2, 4, 4, 4, 4, 4, 5, 5, 5, 5, 5, 6, 6, 6, 6, 6, 6, 6, 6, 6, 6, 6
4400, 0, 0, 0, 0, 0, 0, 0, 0, 0, 0, 0, 0, 0, 0, 0, 0, 0, 0, 0, 0, 0, 0, 0, 0, 0, 0, 0, 0, 0, 0, 0, 0, 1, 1, 1, 1, 0, 1, 1, 1, 1, 1, 0, 1, 1, 1, 1, 1, 1, 0, 1, 0, 1, 0, 0, 1, 1, 1, 0, 1, 1, 1, 1, 0, 0, 2, 1, 0, 0, 0, 4, 4, 4, 4, 4, 6, 0, 5, 0, 6, 6, 6, 6, 6, 6, 6, 6, 6, 6, 6, 0, 0, 1, 0, 0, 0, 0, 0, 1, 0, 0, 0, 1, 0, 0, 0, 0, 0, 0, 0, 0, 0, 0, 0, 1, 1, 1, 1, 1, 1, 6, 1, 0, 1, 1, 0, 1, 1, 1, 1, 1, 0, 1, 1, 1, 1, 0, 1, 1, 0, 1, 1, 1, 0, 0, 0, 0, 1, 0, 2, 4, 4, 4, 4, 4, 5, 5, 5, 5, 5, 6, 6, 6, 6, 6, 6, 6, 6, 6, 6, 6
4500, 0, 0, 0, 0, 0, 0, 0, 0, 0, 0, 0, 0, 0, 0, 0, 0, 0, 0, 0, 0, 0, 0, 0, 0, 0, 0, 0, 0, 0, 0, 0, 0, 1, 1, 1, 1, 0, 1, 1, 1, 1, 1, 0, 1, 1, 1, 1, 1, 1, 0, 1, 0, 1, 0, 0, 1, 1, 1, 0, 1, 1, 1, 1, 0, 0, 2, 1, 0, 0, 0, 4, 4, 4, 4, 4, 6, 0, 5, 0, 6, 6, 6, 6, 6, 6, 6, 6, 6, 6, 6, 0, 0, 1, 0, 0, 0, 0, 0, 1, 0, 0, 0, 1, 0, 0, 0, 0, 0, 0, 0, 0, 0, 0, 0, 1, 1, 1, 1, 1, 1, 6, 1, 0, 1, 1, 0, 1, 1, 1, 1, 1, 0, 1, 1, 1, 1, 0, 1, 1, 0, 1, 1, 1, 0, 0, 0, 0, 1, 0, 2, 4, 4, 4, 4, 4, 5, 5, 5, 5, 5, 6, 6, 6, 6, 6, 6, 6, 6, 6, 6, 6
4600, 0, 0, 0, 0, 0, 0, 0, 0, 0, 0, 0, 0, 0, 0, 0, 0, 0, 0, 0, 0, 0, 0, 0, 0, 0, 0, 0, 0, 0, 0, 0, 0, 1, 1, 1, 1, 0, 1, 1, 1, 1, 1, 0, 1, 1, 1, 1, 1, 1, 0, 1, 0, 1, 0, 0, 1, 1, 1, 0, 1, 1, 1, 1, 0, 0, 2, 1, 0, 0, 0, 4, 4, 4, 4, 4, 6, 5, 5, 0, 6, 6, 6, 6, 6, 6, 6, 6, 6, 6, 6, 0, 0, 1, 0, 0, 0, 0, 0, 1, 0, 0, 0, 1, 0, 0, 0, 0, 0, 0, 0, 0, 0, 0, 0, 1, 1, 1, 1, 1, 1, 6, 1, 0, 1, 1, 0, 1, 1, 1, 1, 1, 0, 1, 1, 1, 1, 0, 1, 1, 0, 1, 1, 1, 0, 0, 0, 0, 1, 0, 2, 4, 4, 4, 4, 4, 5, 5, 5, 5, 5, 6, 6, 6, 6, 6, 6, 6, 6, 6, 6, 6
4700, 0, 0, 0, 0, 0, 0, 0, 0, 0, 0, 0, 0, 0, 0, 0, 0, 0, 0, 0, 0, 0, 0, 0, 0, 0, 0, 0, 0, 0, 0, 0, 0, 1, 1, 1, 1, 0, 1, 1, 1, 1, 1, 0, 1, 1, 1, 1, 1, 1, 0, 1, 0, 1, 0, 0, 1, 1, 1, 0, 1, 1, 1, 1, 0, 0, 2, 1, 0, 0, 0, 4, 4, 4, 4, 4, 6, 5, 5, 0, 6, 6, 6, 6, 6, 6, 6, 6, 6, 6, 6, 0, 0, 1, 0, 0, 0, 0, 0, 1, 0, 0, 0, 1, 0, 0, 0, 0, 0, 0, 0, 0, 0, 0, 0, 1, 1, 1, 1, 1, 1, 6, 1, 0, 1, 1, 0, 1, 1, 1, 1, 1, 0, 1, 1, 1, 1, 0, 1, 1, 0, 1, 1, 1, 0, 0, 0, 0, 1, 0, 2, 4, 4, 4, 4, 4, 5, 5, 5, 5, 5, 6, 6, 6, 6, 6, 6, 6, 6, 6, 6, 6
4800, 0, 0, 0, 0, 0, 0, 0, 0, 0, 0, 0, 0, 0, 0, 0, 0, 0, 0, 0, 0, 0, 0, 0, 0, 0, 0, 0, 0, 0, 0, 0, 0, 1, 1, 1, 1, 0, 1, 1, 1, 1, 1, 0, 1, 1, 1, 1, 1, 1, 0, 1, 0, 1, 0, 0, 1, 1, 1, 0, 1, 1, 1, 1, 0, 0, 2, 1, 0, 0, 0, 4, 4, 4, 4, 4, 6, 5, 5, 0, 6, 6, 6, 6, 6, 6, 6, 6, 6, 6, 6, 0, 0, 1, 0, 0, 0, 0, 0, 1, 0, 0, 0, 1, 0, 0, 0, 0, 0, 0, 0, 0, 0, 0, 0, 1, 1, 1, 1, 1, 1, 6, 1, 0, 1, 1, 0, 1, 1, 1, 1, 1, 0, 1, 1, 1, 1, 0, 1, 1, 0, 1, 1, 1, 0, 0, 0, 0, 1, 0, 2, 4, 4, 4, 4, 4, 5, 5, 5, 5, 5, 6, 6, 6, 6, 6, 6, 6, 6, 6, 6, 6
4900, 0, 0, 0, 0, 0, 0, 0, 0, 0, 0, 0, 0, 0, 0, 0, 0, 0, 0, 0, 0, 0, 0, 0, 0, 0, 0, 0, 0, 0, 0, 0, 0, 1, 1, 1, 1, 0, 1, 1, 1, 1, 1, 0, 1, 1, 1, 1, 1, 1, 0, 1, 0, 1, 0, 0, 1, 1, 1, 0, 1, 1, 1, 1, 0, 0, 2, 1, 0, 0, 0, 4, 4, 4, 4, 4, 6, 5, 5, 0, 6, 6, 6, 6, 6, 6, 6, 6, 6, 6, 6, 0, 0, 1, 0, 0, 0, 0, 0, 1, 0, 0, 0, 1, 0, 0, 0, 0, 0, 0, 0, 0, 0, 0, 0, 1, 1, 1, 1, 1, 1, 6, 1, 0, 1, 1, 0, 1, 1, 1, 1, 1, 0, 1, 1, 1, 1, 0, 1, 1, 0, 1, 1, 1, 0, 0, 0, 0, 1, 0, 2, 4, 4, 4, 4, 4, 5, 5, 5, 5, 5, 6, 6, 6, 6, 6, 6, 6, 6, 6, 6, 6
5000, 0, 0, 0, 0, 0, 0, 0, 0, 0, 0, 0, 0, 0, 0, 0, 0, 0, 0, 0, 0, 0, 0, 0, 0, 0, 0, 0, 0, 0, 0, 0, 0, 1, 1, 1, 1, 0, 1, 1, 1, 1, 1, 0, 1, 1, 1, 1, 1, 1, 0, 1, 0, 1, 0, 0, 1, 1, 1, 0, 1, 1, 1, 1, 0, 0, 2, 1, 0, 0, 0, 4, 4, 4, 4, 4, 6, 5, 5, 0, 6, 6, 6, 6, 6, 6, 6, 6, 6, 6, 6, 0, 0, 1, 0, 0, 0, 0, 0, 1, 0, 0, 0, 1, 0, 0, 0, 0, 0, 0, 0, 0, 0, 0, 0, 1, 1, 1, 1, 1, 1, 6, 1, 0, 1, 1, 0, 1, 1, 1, 1, 1, 0, 1, 1, 1, 1, 0, 1, 1, 0, 1, 1, 1, 0, 0, 0, 0, 1, 0, 2, 4, 4, 4, 4, 4, 5, 5, 5, 5, 5, 6, 6, 6, 6, 6, 6, 6, 6, 6, 6, 6
5100, 0, 0, 0, 0, 0, 0, 0, 0, 0, 0, 0, 0, 0, 0, 0, 0, 0, 0, 0, 0, 0, 0, 0, 0, 0, 0, 0, 0, 0, 0, 0, 0, 1, 1, 1, 1, 0, 1, 1, 1, 1, 1, 0, 1, 1, 1, 1, 1, 1, 0, 1, 0, 1, 0, 0, 1, 1, 1, 0, 1, 1, 1, 1, 0, 0, 2, 1, 0, 0, 0, 4, 4, 4, 4, 4, 6, 5, 5, 0, 6, 6, 6, 6, 6, 6, 6, 6, 6, 6, 6, 0, 0, 1, 0, 0, 0, 0, 0, 1, 0, 0, 0, 1, 0, 0, 0, 0, 0, 0, 0, 0, 0, 0, 0, 1, 1, 1, 1, 1, 1, 6, 1, 0, 1, 1, 0, 1, 1, 1, 1, 1, 0, 1, 1, 1, 1, 0, 1, 1, 0, 1, 1, 1, 0, 0, 0, 0, 1, 0, 2, 4, 4, 4, 4, 4, 5, 5, 5, 5, 5, 6, 6, 6, 6, 6, 6, 6, 6, 6, 6, 6
5200, 0, 0, 0, 0, 0, 0, 0, 0, 0, 0, 0, 0, 0, 0, 0, 0, 0, 0, 0, 0, 0, 0, 0, 0, 0, 0, 0, 0, 0, 0, 0, 0, 1, 1, 1, 1, 0, 1, 1, 1, 1, 1, 0, 1, 1, 1, 1, 1, 1, 0, 1, 0, 1, 0, 0, 1, 1, 1, 0, 1, 1, 1, 1, 0, 0, 2, 1, 0, 0, 0, 4, 4, 4, 4, 4, 6, 5, 5, 0, 6, 6, 6, 6, 6, 6, 6, 6, 6, 6, 6, 0, 0, 1, 0, 0, 0, 0, 0, 1, 0, 0, 0, 1, 0, 0, 0, 0, 0, 0, 0, 0, 0, 0, 0, 1, 1, 1, 1, 1, 1, 6, 1, 0, 1, 1, 0, 1, 1, 1, 1, 1, 0, 1, 1, 1, 1, 0, 1, 1, 0, 1, 1, 1, 0, 0, 0, 0, 1, 0, 2, 4, 4, 4, 4, 4, 5, 5, 5, 5, 5, 6, 6, 6, 6, 6, 6, 6, 6, 6, 6, 6

Test:
true-label, 0, 0, 0, 1, 1, 1, 1, 1, 1, 1, 2, 2, 4, 5, 6, 6, 6, 0, 0, 0, 0, 0, 0, 0, 0, 0, 0, 0, 1, 1, 1, 1, 1, 1, 1, 1, 1, 2, 4, 4, 6, 6, 6
0, -1, -1, -1, 6, -1, -1, 6, 1, -1, -1, -1, -1, 6, 6, 6, 6, 6, -1, 6, -1, -1, -1, 6, 6, -1, -1, -1, 1, -1, 1, 1, 6, 1, -1, 6, -1, -1, -1, 1, 6, 6, 6, 6
100, -1, -1, -1, 6, -1, -1, 6, 1, -1, -1, -1, -1, 6, 6, 6, 6, 6, -1, 6, -1, -1, -1, 6, 6, -1, -1, -1, 1, -1, 1, 1, 6, 1, -1, 6, -1, -1, -1, 1, 6, 6, 6, 6
200, -1, -1, -1, 6, -1, -1, 6, 1, -1, -1, -1, -1, 6, 6, 6, 6, 6, -1, 6, -1, -1, -1, 6, 6, -1, -1, -1, 1, -1, 1, 1, 6, 1, -1, 6, -1, -1, -1, 1, 6, 6, 6, 6
300, 1, 0, 0, 1, 1, 1, 0, 1, 1, 1, 0, 0, 1, -1, 6, 6, 6, 0, 0, 0, 0, 0, 0, 0, 0, 1, 0, 0, 1, 1, 6, 4, 1, 0, 4, 1, 0, 0, 4, 4, 1, 6, 6
400, 1, 0, 0, 1, 1, 1, 1, 1, 1, 1, 0, 1, 1, -1, 6, 6, 6, 0, 0, 0, 0, 0, 0, 0, 0, 1, 0, 0, 1, 1, 6, 4, 1, 0, 4, 1, 0, 0, 4, 4, 1, 6, 6
500, 1, 0, 0, 1, 1, 1, 1, 1, 1, 1, 0, 1, 1, -1, 6, 6, 6, 0, 0, 0, 0, 0, 0, 0, 0, 1, 0, 0, 1, 1, 6, 4, 1, 0, 4, 1, 0, 0, 4, 4, 1, 6, 6
600, 1, 0, 0, 1, 1, 1, 1, 1, 1, 1, 0, 1, 1, -1, 6, 6, 6, 0, 0, 0, 0, 0, 0, 0, 0, 1, 0, 0, 1, 1, 6, 4, 1, 0, 4, 1, 0, 0, 4, 4, 1, 6, 6
700, 1, 0, 0, 1, 1, 1, 1, 1, 1, 1, 0, 1, 1, -1, 6, 6, 6, 0, 0, 0, 0, 0, 0, 0, 0, 1, 0, 0, 1, 1, 6, 4, 1, 0, 4, 1, 0, 0, 4, 4, 1, 6, 6
800, 1, 0, 0, 1, 1, 1, 1, 1, 1, 1, 0, 1, 1, -1, 6, 6, 6, 0, 0, 0, 0, 0, 0, 0, 0, 1, 0, 0, 1, 1, 6, 4, 1, 0, 4, 1, 0, 0, 4, 4, 1, 6, 6
900, 1, 0, 0, 1, 1, 1, 1, 1, 1, 1, 0, 1, 1, -1, 6, 6, 6, 0, 0, 0, 0, 0, 0, 0, 0, 1, 0, 0, 1, 1, 6, 4, 1, 0, 4, 1, 0, 0, 4, 4, 1, 6, 6
1000, 1, 0, 0, 1, 1, 1, 1, 1, 1, 1, 0, 1, 1, -1, 6, 6, 6, 0, 0, 0, 0, 0, 0, 0, 0, 1, 0, 0, 1, 1, 6, 4, 1, 0, 4, 1, 0, 0, 4, 4, 1, 6, 6
1100, 1, 0, 0, 1, 1, 1, 1, 1, 1, 1, 0, 1, 1, -1, 6, 6, 6, 0, 0, 0, 0, 0, 0, 0, 0, 1, 0, 0, 1, 1, 6, 4, 1, 0, 4, 1, 0, 0, 4, 4, 1, 6, 6
1200, 1, 0, 0, 1, 1, 1, 1, 1, 1, 1, 0, 1, 1, -1, 6, 6, 6, 0, 0, 0, 0, 0, 0, 0, 0, 1, 0, 0, 1, 1, 6, 4, 1, 0, 4, 1, 0, 0, 4, 4, 1, 6, 6
1300, 1, 0, 0, 1, 1, 1, 1, 1, 1, 1, 0, 1, 1, -1, 6, 6, 6, 0, 0, 0, 0, 0, 0, 0, 0, 1, 0, 0, 1, 1, 6, 1, 1, 0, 4, 1, 0, 0, 4, 4, 1, 6, 6
1400, 1, 0, 0, 1, 1, 1, 1, 1, 1, 1, 0, 1, 1, -1, 6, 6, 6, 0, 0, 0, 0, 0, 0, 0, 0, 1, 0, 0, 1, 1, 6, 1, 1, 0, 4, 1, 0, 0, 4, 4, 1, 6, 6
1500, 1, 0, 0, 1, 1, 1, 1, 1, 1, 1, 0, 1, 1, -1, 6, 6, 6, 0, 0, 0, 0, 0, 0, 0, 0, 1, 0, 0, 1, 1, 6, 1, 1, 0, 4, 1, 0, 0, 4, 4, 1, 6, 6
1600, 1, 0, 0, 1, 1, 1, 1, 1, 1, 1, 0, 1, 1, -1, 6, 6, 6, 0, 0, 0, 0, 0, 0, 0, 0, 1, 0, 0, 1, 1, 6, 0, 1, 0, 4, 1, 0, 0, 4, 4, 1, 6, 6
1700, 1, 0, 0, 1, 1, 1, 1, 1, 1, 1, 0, 1, 1, -1, 6, 6, 6, 0, 0, 0, 0, 0, 0, 0, 0, 1, 1, 0, 1, 1, 6, 0, 1, 0, 4, 1, 0, 0, 4, 4, 1, 6, 6
1800, 1, 0, 0, 1, 1, 1, 1, 1, 1, 1, 0, 1, 1, -1, 6, 6, 6, 0, 0, 0, 0, 0, 0, 0, 0, 1, 1, 0, 1, 1, 6, 0, 1, 0, 4, 1, 0, 0, 4, 4, 1, 6, 6
1900, 1, 0, 0, 1, 1, 1, 1, 1, 1, 1, 0, 1, 1, -1, 6, 6, 6, 0, 0, 0, 0, 0, 0, 0, 0, 1, 1, 0, 1, 1, 6, 0, 1, 0, 4, 1, 0, 0, 4, 4, 1, 6, 6
2000, 1, 0, 0, 1, 1, 1, 1, 1, 1, 1, 0, 1, 1, -1, 6, 6, 6, 0, 0, 0, 0, 0, 0, 0, 0, 1, 1, 0, 1, 1, 6, 0, 1, 0, 4, 1, 0, 0, 4, 4, 1, 6, 6
2100, 1, 0, 0, 6, 1, 1, 1, 1, 1, 1, 0, 1, 1, 6, 6, 6, 6, 0, 0, 0, 0, 0, 0, 0, 0, 1, 1, 0, 1, 1, 6, 0, 1, 0, 4, 1, 0, 0, 4, 4, 1, 6, 6
2200, 1, 0, 0, 6, 1, 1, 1, 1, 1, 1, 0, 1, 1, 6, 6, 6, 6, 0, 0, 0, 0, 0, 0, 0, 0, 1, 1, 0, 1, 1, 6, 0, 1, 0, 4, 1, 0, 0, 4, 4, 1, 6, 6
2300, 1, 0, 0, 6, 1, 1, 1, 1, 1, 1, 0, 1, 1, 6, 6, 6, 6, 0, 0, 0, 0, 0, 0, 0, 0, 1, 1, 0, 1, 1, 6, 0, 1, 0, 4, 1, 0, 0, 4, 4, 1, 6, 6
2400, 1, 0, 0, 6, 1, 1, 1, 1, 1, 1, 0, 1, 1, 6, 6, 6, 6, 0, 0, 0, 0, 0, 0, 0, 0, 1, 1, 0, 1, 1, 6, 0, 1, 0, 4, 1, 0, 0, 4, 4, 1, 6, 6
2500, 1, 0, 0, 6, 1, 1, 1, 1, 1, 1, 0, 1, 1, 6, 6, 6, 6, 0, 0, 0, 0, 0, 0, 0, 0, 1, 1, 0, 1, 1, 6, 0, 1, 0, 4, 1, 0, 0, 4, 4, 1, 6, 6
2600, 1, 0, 0, 1, 1, 1, 1, 1, 1, 1, 0, 1, 1, -1, 6, 6, 6, 0, 0, 0, 0, 0, 0, 0, 0, 1, 1, 0, 1, 1, 6, 0, 1, 0, 4, 1, 0, 0, 4, 4, 1, 6, 6
2700, 1, 0, 0, 1, 1, 1, 1, 1, 1, 1, 0, 1, 1, -1, 6, 6, 6, 0, 0, 0, 0, 0, 0, 0, 0, 1, 1, 0, 1, 1, 6, 0, 1, 0, 4, 1, 0, 0, 4, 4, 5, 6, 6
2800, 1, 0, 0, 1, 1, 1, 1, 1, 1, 1, 0, 1, 1, -1, 6, 6, 6, 0, 0, 0, 0, 0, 0, 0, 0, 1, 1, 0, 1, 1, 6, 0, 1, 0, 4, 1, 0, 0, 4, 4, 5, 6, 6
2900, 1, 0, 0, 1, 1, 1, 1, 1, 1, 1, 0, 1, 1, -1, 6, 6, 6, 0, 0, 0, 0, 0, 0, 0, 0, 1, 1, 0, 1, 1, 6, 0, 1, 0, 4, 1, 0, 0, 4, 4, 5, 6, 6
3000, 1, 0, 0, 1, 1, 1, 1, 1, 1, 1, 0, 1, 1, -1, 6, 6, 6, 0, 0, 0, 0, 0, 0, 0, 0, 1, 1, 0, 1, 1, 6, 0, 1, 0, 4, 1, 0, 0, 4, 4, 5, 6, 6
3100, 1, 0, 0, 1, 1, 1, 0, 1, 1, 1, 0, 0, 1, -1, 6, 6, 6, 0, 0, 0, 0, 0, 0, 0, 0, 1, 0, 0, 1, 1, 6, 0, 1, 0, 4, 1, 0, 0, 4, 4, 5, 6, 6
3200, 1, 0, 0, 1, 1, 1, 0, 1, 1, 1, 0, 0, 1, -1, 6, 6, 6, 0, 0, 0, 0, 0, 0, 0, 0, 1, 0, 0, 1, 1, 6, 0, 1, 0, 4, 1, 0, 0, 4, 4, 5, 6, 6
3300, 1, 0, 0, 1, 1, 1, 0, 1, 1, 1, 0, 0, 1, -1, 6, 6, 6, 0, 0, 0, 0, 0, 0, 0, 0, 1, 0, 0, 1, 1, 6, 0, 1, 0, 4, 1, 0, 0, 4, 4, 5, 6, 6
3400, 1, 0, 0, 1, 1, 1, 1, 1, 1, 1, 0, 1, 1, -1, 6, 6, 6, 0, 0, 0, 0, 0, 0, 0, 0, 1, 0, 0, 1, 1, 6, 4, 1, 0, 4, 1, 0, 0, 4, 4, 5, 6, 6
3500, 1, 0, 0, 1, 1, 1, 1, 1, 1, 1, 0, 1, 1, -1, 6, 6, 6, 0, 0, 0, 0, 0, 0, 0, 0, 1, 0, 0, 1, 1, 6, -1, 1, 0, 4, 1, 0, 0, 4, 4, 5, 6, 6
3600, 1, 0, 0, 1, 1, 1, 1, 1, 1, 1, 0, 1, 1, -1, 6, 6, 6, 0, 0, 0, 0, 0, 0, 0, 0, 1, 0, 0, 1, 1, 6, -1, 1, 0, 4, 1, 0, 0, 4, 4, 5, 6, 6
3700, 1, 0, 0, 1, 1, 1, 1, 1, 1, 1, 0, 1, 1, -1, 6, 6, 6, 0, 0, 0, 0, 0, 0, 0, 0, 1, 0, 0, 1, 1, 6, -1, 1, 0, 4, 1, 0, 0, 4, 4, 5, 6, 6
3800, 1, 0, 0, 1, 1, 1, 1, 1, 1, 1, 0, 1, 1, -1, 6, 6, 6, 0, 0, 0, 0, 0, 0, 0, 0, 1, 0, 0, 1, 1, 6, -1, 1, 0, 4, 1, 0, 0, 4, 4, 5, 6, 6
3900, 1, 0, 0, 1, 1, 1, 1, 1, 1, 1, 0, 1, 1, 5, 6, 6, 6, 0, 0, 0, 0, 0, 0, 0, 0, 1, 0, 0, 1, 1, 6, -1, 1, 0, 5, 1, 0, 0, 4, 4, 5, 6, 6
4000, 1, 0, 0, 1, 1, 1, 1, 1, 1, 1, 0, 1, 1, 5, 6, 6, 6, 0, 0, 0, 0, 0, 0, 0, 0, 1, 0, 0, 1, 1, 6, 5, 1, 0, 5, 1, 0, 0, 4, 4, 5, 6, 6
4100, 1, 0, 0, 1, 1, 1, 1, 1, 1, 1, 0, 1, 1, 5, 6, 6, 6, 0, 0, 0, 0, 0, 0, 0, 0, 1, 0, 0, 1, 1, 6, 5, 1, 0, 5, 1, 0, 0, 4, 4, 5, 6, 6
4200, 1, 0, 0, 5, 1, 1, 1, 1, 1, 1, 0, 1, 1, 6, 6, 6, 6, 0, 0, 0, 0, 0, 0, 0, 0, 1, 0, 0, 1, 1, 6, -1, 1, 0, 5, 1, 0, 0, 4, 4, 5, 6, 6
4300, 1, 0, 0, 1, 1, 1, 1, 1, 1, 1, 0, 1, 1, 5, 6, 6, 6, 0, 0, 0, 0, 0, 0, 0, 0, 1, 0, 0, 1, 1, 6, -1, 1, 0, 5, 1, 0, 0, 4, 4, 5, 6, 6
4400, 1, 0, 0, 1, 1, 1, 1, 1, 1, 1, 0, 1, 1, 5, 6, 6, 6, 0, 0, 0, 0, 0, 0, 0, 0, 1, 0, 0, 1, 1, 6, -1, 1, 0, 5, 1, 0, 0, 4, 4, 5, 6, 6
4500, 1, 0, 0, 1, 1, 1, 1, 1, 1, 1, 0, 1, 1, 5, 6, 6, 6, 0, 0, 0, 0, 0, 0, 0, 0, 1, 0, 0, 1, 1, 6, -1, 1, 0, 5, 1, 0, 0, 4, 4, 5, 6, 6
4600, 1, 0, 0, 1, 1, 1, 1, 1, 1, 1, 0, 1, 1, 5, 6, 6, 6, 0, 0, 0, 0, 0, 0, 0, 0, 1, 0, 0, 1, 1, 6, 5, 1, 0, 5, 1, 0, 0, 4, 4, 5, 6, 6
4700, 1, 0, 0, 1, 1, 1, 1, 1, 1, 1, 0, 1, 1, 5, 6, 6, 6, 0, 0, 0, 0, 0, 0, 0, 0, 1, 0, 0, 1, 1, 6, 5, 1, 0, 5, 1, 0, 0, 4, 4, 5, 6, 6
4800, 1, 0, 0, 1, 1, 1, 1, 1, 1, 1, 0, 1, 1, 5, 6, 6, 6, 0, 0, 0, 0, 0, 0, 0, 0, 1, 0, 0, 1, 1, 6, 5, 1, 0, 5, 1, 0, 0, 4, 4, 5, 6, 6
4900, 1, 0, 0, 1, 1, 1, 1, 1, 1, 1, 0, 1, 1, 5, 6, 6, 6, 0, 0, 0, 0, 0, 0, 0, 0, 1, 0, 0, 1, 1, 6, 5, 1, 0, 5, 1, 0, 0, 4, 4, 5, 6, 6
5000, 1, 0, 0, 1, 1, 1, 1, 1, 1, 1, 0, 1, 1, 5, 6, 6, 6, 0, 0, 0, 0, 0, 0, 0, 0, 1, 0, 0, 1, 1, 6, 5, 1, 0, 5, 1, 0, 0, 4, 4, 5, 6, 6
5100, 1, 0, 0, 1, 1, 1, 1, 1, 1, 1, 0, 1, 1, 5, 6, 6, 6, 0, 0, 0, 0, 0, 0, 0, 0, 1, 0, 0, 1, 1, 6, 5, 1, 0, 5, 1, 0, 0, 4, 4, 5, 6, 6
5200, 1, 0, 0, 1, 1, 1, 1, 1, 1, 1, 0, 1, 1, 5, 6, 6, 6, 0, 0, 0, 0, 0, 0, 0, 0, 1, 0, 0, 1, 1, 6, 5, 1, 0, 5, 1, 0, 0, 4, 4, 5, 6, 6

