<CommandLineArguments>
ImbalancedDataset_FGBML.exe glass 1 FGBML_NONE 20 4 5 n 
<HyperParameter>
NUM_MEMBERSHIP_FUNC = 15
POPULATION_SIZE = 100
NUM_ITERATION = 5000
PROB_CROSSOVER = 0.900000
PER_REPLACEMENT = 20
SEED = 1234
INTERVAL_GRAPH = 100
IS_SELECT_PARENTS_ONLY_FROM_WINNER_RULE = 0
NUM_TRIAL = 20

<RUNNING_SECOND>
417 [s]

<Evaluation>
PER MISS TRA:23.3918
PER MISS TST:32.5581
LEN OF RULE:2.54167
Confusion Matrix tra:
42, 14, 0, 0, 0, 0, 0
6, 55, 0, 0, 0, 0, 0
6, 8, 0, 0, 0, 0, 0
0, 0, 0, 0, 0, 0, 0
0, 1, 0, 0, 9, 0, 0
2, 1, 0, 0, 0, 2, 1
0, 0, 0, 0, 0, 0, 23
Confusion Matrix tst:
12, 2, 0, 0, 0, 0, 0
4, 11, 0, 0, 0, 0, 0
1, 2, 0, 0, 0, 0, 0
0, 0, 0, 0, 0, 0, 0
0, 0, 0, 0, 3, 0, 0
2, 0, 0, 0, 0, 0, 0
1, 2, 0, 0, 0, 0, 3

<BestRules> [att, class, weight]
c02b0000a, 0, 0.446980
0b0c00000, 1, 0.056127
006d0a000, 6, 0.940104
2c60000c0, 6, 1.000000
0b0c00800, 4, 0.482400
00000000c, 1, 0.130719
506000000, 1, 0.929296
000010080, 6, 0.505998
005a00100, 0, 0.483250
00000c000, 6, 0.827993
0ab700000, 4, 1.000000
80600020b, 1, 1.000000
0d00e0000, 5, 1.000000
40000006e, 4, 1.000000
010003a10, 1, 0.011833
d30400000, 1, 0.911644
000e00600, 4, 1.000000
bc60e0000, 1, 1.000000
00b070000, 1, 0.151261
e00000000, 1, 1.000000
0e1000000, 5, 0.949631
0000a0800, 1, 1.000000
00000e000, 4, 1.000000
100c00090, 6, 1.000000

<Prediction> [generation][index_pattern]
Training:
true-label, 0, 0, 0, 0, 0, 0, 0, 0, 0, 0, 0, 0, 0, 0, 0, 0, 0, 0, 0, 0, 0, 0, 0, 0, 0, 0, 0, 0, 1, 1, 1, 1, 1, 1, 1, 1, 1, 1, 1, 1, 1, 1, 1, 1, 1, 1, 1, 1, 1, 1, 1, 1, 1, 1, 1, 1, 1, 1, 1, 2, 2, 2, 2, 2, 2, 2, 2, 2, 4, 4, 4, 4, 5, 5, 5, 5, 6, 6, 6, 6, 6, 6, 6, 6, 6, 6, 6, 0, 0, 0, 0, 0, 0, 0, 0, 0, 0, 0, 0, 0, 0, 0, 0, 0, 0, 0, 0, 0, 0, 0, 0, 0, 0, 0, 0, 1, 1, 1, 1, 1, 1, 1, 1, 1, 1, 1, 1, 1, 1, 1, 1, 1, 1, 1, 1, 1, 1, 1, 1, 1, 1, 1, 1, 1, 1, 2, 2, 2, 2, 2, 4, 4, 4, 4, 4, 4, 5, 5, 5, 6, 6, 6, 6, 6, 6, 6, 6, 6, 6, 6, 6
0, -1, -1, -1, 6, -1, 1, 1, -1, -1, 6, -1, 6, -1, 6, -1, 6, -1, -1, 1, -1, -1, -1, 1, -1, -1, -1, 1, 1, 6, 6, 6, 6, -1, 6, 6, 6, 6, 1, 6, 1, 6, 1, 6, 6, 6, 1, -1, 1, 6, 6, -1, 1, 1, 1, -1, 1, 1, -1, 6, -1, 6, -1, 1, -1, -1, -1, 6, 6, 6, 6, 6, 6, 6, 6, 6, 6, 6, 6, 6, 6, 6, 6, 6, 6, 6, 6, 6, -1, -1, 1, -1, -1, 1, -1, 6, 6, 1, -1, -1, -1, -1, 1, -1, -1, -1, -1, -1, 1, -1, -1, -1, 1, -1, -1, -1, 1, 6, 6, 6, 6, 6, 1, 6, 6, 1, 6, -1, 6, 1, 6, 6, -1, 6, 1, 6, 6, 6, 6, -1, 6, 6, 6, 1, 1, 1, -1, 6, -1, -1, 6, 6, 6, 6, 6, 6, 1, -1, 6, 6, 6, 6, 6, 6, 6, 6, 6, 6, 6, 6, 6, 6
100, -1, -1, -1, 6, -1, 1, 1, -1, -1, 6, -1, 6, -1, 6, -1, 6, -1, -1, 1, -1, -1, -1, 1, -1, -1, -1, 1, 1, 6, 6, 6, 6, -1, 6, 6, 6, 6, 1, 6, 1, 6, 1, 6, 6, 6, 1, -1, 1, 6, 6, -1, 1, 1, 1, -1, 1, 1, -1, 6, -1, 6, -1, 1, -1, -1, -1, 6, 6, 6, 6, 6, 6, 6, 6, 6, 6, 6, 6, 6, 6, 6, 6, 6, 6, 6, 6, 6, -1, -1, 1, -1, -1, 1, -1, 6, 6, 1, -1, -1, -1, -1, 1, -1, -1, -1, -1, -1, 1, -1, -1, -1, 1, -1, -1, -1, 1, 6, 6, 6, 6, 6, 1, 6, 6, 1, 6, -1, 6, 1, 6, 6, -1, 6, 1, 6, 6, 6, 6, -1, 6, 6, 6, 1, 1, 1, -1, 6, -1, -1, 6, 6, 6, 6, 6, 6, 1, -1, 6, 6, 6, 6, 6, 6, 6, 6, 6, 6, 6, 6, 6, 6
200, -1, 6, -1, -1, -1, 1, 1, -1, -1, -1, -1, -1, -1, -1, -1, -1, -1, -1, 1, -1, -1, -1, 1, -1, -1, -1, 1, 1, 6, 6, 6, 6, 6, 6, -1, 6, -1, 1, -1, 1, 6, 1, 6, 6, 6, 1, -1, 1, 6, 6, -1, 1, 1, 1, -1, 1, 1, -1, 6, -1, -1, -1, 1, -1, -1, -1, -1, -1, -1, 6, 6, 6, 6, 6, 6, 6, 6, 6, 6, 6, 6, 6, 6, 6, 6, 6, 6, -1, 6, 1, -1, -1, 1, -1, -1, -1, 1, -1, -1, -1, -1, 1, -1, -1, -1, -1, -1, 1, -1, -1, -1, 1, 6, -1, -1, 1, 6, 6, 6, 6, 6, 1, -1, -1, 1, -1, -1, 6, 1, 6, 6, -1, 6, 1, 6, -1, 6, 6, -1, 6, 6, 6, 1, 1, 4, -1, -1, -1, -1, 4, 6, -1, 6, 6, 4, 1, -1, -1, 5, 6, 6, 6, 6, 6, 6, 6, 6, 6, 6, 6, 6
300, 0, 1, 0, 0, 1, 1, 1, 1, 0, 0, 0, 0, 0, 1, 1, 0, 0, 0, 1, 1, 0, 0, 1, 0, 0, 0, 0, 0, 1, 1, 1, 1, 1, 1, 1, 1, 1, 1, 0, 1, 0, 1, 0, 1, 1, 1, 0, 1, 1, 1, 1, 1, 1, 1, 0, 1, 1, 1, 1, 0, 1, 1, 1, 0, 1, 1, 0, 0, 4, 4, 4, 1, 1, 6, 0, 5, 6, 6, 6, 6, 6, 6, 6, 6, 6, 6, 6, 0, 0, 1, 0, 0, 1, 1, 0, 1, 1, 0, 0, 0, 1, 1, 1, 0, 0, 0, 0, 1, 0, 0, 0, 1, 0, 0, 0, 1, 1, 1, 6, 1, 1, 1, 1, 1, 1, 4, 1, 1, 1, 1, 1, 0, 1, 1, 1, 1, 1, 1, 0, 1, 1, 1, 1, 1, 1, 1, 0, 1, 1, 0, 6, 4, 4, 4, 4, 1, 0, 0, 5, 6, 6, 6, 6, 6, 6, 6, 6, 6, 6, 6, 6
400, 0, 1, 0, 0, 1, 1, 1, 1, 0, 0, 0, 0, 0, 1, 1, 0, 0, 0, 1, 1, 0, 0, 1, 0, 0, 0, 0, 0, 1, 1, 1, 1, 1, 1, 1, 1, 1, 1, 0, 1, 0, 1, 1, 1, 1, 1, 0, 1, 1, 1, 1, 1, 1, 1, 0, 1, 1, 1, 1, 0, 1, 1, 1, 0, 1, 1, 0, 0, 4, 4, 4, 4, 1, 6, 1, 5, 6, 6, 6, 6, 6, 6, 6, 6, 6, 6, 6, 0, 0, 1, 0, 0, 1, 1, 0, 1, 1, 0, 0, 0, 1, 1, 1, 0, 0, 0, 0, 1, 0, 0, 0, 1, 0, 0, 0, 1, 1, 1, 6, 1, 1, 1, 1, 1, 1, 4, 1, 1, 1, 1, 1, 0, 1, 1, 1, 1, 1, 1, 0, 1, 1, 1, 1, 1, 1, 1, 0, 1, 1, 0, 4, 4, 4, 4, 4, 1, 0, 0, 5, 6, 6, 6, 6, 6, 6, 6, 6, 6, 6, 6, 6
500, 0, 0, 0, 0, 1, 1, 1, 0, 0, 0, 0, 0, 0, 1, 1, 0, 0, 0, 1, 0, 0, 0, 1, 0, 0, 0, 0, 0, 1, 1, 1, 1, 1, 1, 1, 1, 1, 1, 0, 1, 0, 1, 1, 1, 1, 1, 0, 1, 1, 1, 1, 1, 1, 1, 0, 1, 1, 1, 1, 0, 1, 1, 1, 0, 1, 1, 0, 0, 4, 4, 4, 4, 1, 6, 0, 5, 6, 6, 6, 6, 6, 6, 6, 6, 6, 6, 6, 0, 0, 1, 0, 0, 1, 0, 0, 1, 1, 0, 0, 0, 1, 1, 0, 0, 0, 0, 0, 1, 0, 0, 0, 1, 0, 0, 0, 1, 1, 1, 6, 1, 1, 1, 1, 1, 1, 4, 0, 1, 1, 1, 1, 0, 1, 1, 1, 1, 1, 1, 0, 1, 1, 1, 1, 1, 1, 1, 0, 1, 1, 0, 4, 4, 4, 4, 4, 1, 0, 0, 5, 6, 6, 6, 6, 6, 6, 6, 6, 6, 6, 6, 6
600, 0, 0, 0, 0, 1, 1, 1, 0, 0, 0, 0, 0, 0, 1, 1, 0, 0, 0, 1, 0, 0, 0, 1, 0, 0, 0, 0, 0, 1, 1, 1, 1, 1, 1, 1, 1, 1, 1, 0, 1, 0, 1, 1, 1, 1, 1, 0, 1, 1, 1, 1, 1, 1, 1, 0, 1, 1, 1, 1, 0, 1, 1, 1, 0, 1, 1, 0, 0, 4, 4, 4, 4, 1, 6, -1, 5, 6, 6, 6, 6, 6, 6, 6, 6, 6, 6, 6, 0, 0, 1, 0, 0, 1, 0, 0, 1, 1, 0, 0, 0, 0, 1, 0, 0, 0, 0, 0, 1, 0, 0, 0, 1, 0, 0, 0, 1, 1, 1, 1, 1, 1, 1, 1, 1, 1, 1, 1, 1, 1, 1, 1, 0, 1, 1, 1, 1, 1, 1, 0, 1, 1, 1, 1, 1, 1, 1, 0, 1, 1, 0, 4, 4, 4, 4, 4, 1, 0, 0, 5, 6, 6, 6, 6, 6, 6, 6, 6, 6, 6, 6, 6
700, 0, 0, 0, 0, 1, 1, 1, 0, 0, 0, 0, 0, 0, 1, 1, 0, 0, 0, 1, 0, 0, 0, 1, 0, 0, 0, 0, 0, 1, 1, 1, 1, 1, 1, 1, 1, 1, 1, 0, 1, 0, 1, 1, 1, 1, 1, 0, 1, 1, 1, 1, 1, 1, 1, 0, 1, 1, 1, 1, 0, 1, 1, 1, 0, 1, 1, 0, 0, 4, 4, 4, 4, 1, 6, -1, 5, 6, 6, 6, 6, 6, 6, 6, 6, 6, 6, 6, 0, 0, 1, 0, 0, 1, 0, 0, 1, 1, 0, 0, 0, 0, 1, 0, 0, 0, 0, 0, 1, 0, 0, 0, 1, 0, 0, 0, 1, 1, 1, 1, 1, 1, 1, 1, 1, 1, 1, 1, 1, 1, 1, 1, 0, 1, 1, 1, 1, 1, 1, 0, 1, 1, 1, 1, 1, 1, 1, 0, 1, 1, 0, 4, 4, 4, 4, 4, 1, 0, 0, 5, 6, 6, 6, 6, 6, 6, 6, 6, 6, 6, 6, 6
800, 0, 0, 0, 0, 1, 1, 1, 0, 0, 0, 0, 0, 0, 1, 1, 0, 0, 0, 1, 0, 0, 0, 1, 0, 0, 0, 0, 0, 1, 1, 1, 1, 1, 1, 1, 1, 1, 1, 0, 1, 0, 1, 1, 1, 1, 1, 0, 1, 1, 1, 1, 1, 1, 1, 0, 1, 1, 1, 1, 0, 1, 1, 1, 0, 1, 1, 0, 0, 4, 4, 4, 4, 1, 6, -1, 5, 6, 6, 6, 6, 6, 6, 6, 6, 6, 6, 6, 0, 0, 1, 0, 0, 1, 0, 0, 1, 1, 0, 0, 0, 0, 1, 0, 0, 0, 0, 0, 1, 0, 0, 0, 1, 0, 0, 0, 1, 1, 1, 1, 1, 1, 1, 1, 1, 1, 1, 1, 1, 1, 1, 1, 0, 1, 1, 1, 1, 1, 1, 0, 1, 1, 1, 1, 1, 1, 1, 0, 1, 1, 0, 4, 4, 4, 4, 4, 1, 0, 0, 5, 6, 6, 6, 6, 6, 6, 6, 6, 6, 6, 6, 6
900, 0, 0, 0, 0, 1, 1, 1, 0, 0, 0, 0, 0, 0, 1, 1, 0, 0, 0, 1, 0, 0, 0, 1, 0, 0, 0, 0, 0, 1, 1, 1, 1, 1, 1, 1, 1, 1, 1, 0, 1, 0, 1, 1, 1, 1, 1, 0, 1, 1, 1, 1, 1, 1, 1, 0, 1, 1, 1, 1, 0, 1, 1, 1, 0, 1, 1, 0, 0, 4, 4, 4, 4, 1, 6, -1, 5, 6, 6, 6, 6, 6, 6, 6, 6, 6, 6, 6, 0, 0, 1, 0, 0, 1, 0, 0, 1, 1, 0, 0, 0, 0, 1, 0, 0, 0, 0, 0, 1, 0, 0, 0, 1, 0, 0, 0, 1, 1, 1, 1, 1, 1, 1, 1, 1, 1, 1, 1, 1, 1, 1, 1, 0, 1, 1, 1, 1, 1, 1, 0, 1, 1, 1, 1, 1, 1, 1, 0, 1, 1, 0, 4, 4, 4, 4, 4, 1, 0, 0, 5, 6, 6, 6, 6, 6, 6, 6, 6, 6, 6, 6, 6
1000, 0, 0, 0, 0, 1, 1, 1, 0, 0, 0, 0, 0, 0, 1, 1, 0, 0, 0, 1, 0, 0, 0, 1, 0, 0, 0, 0, 0, 1, 1, 1, 1, 1, 1, 1, 1, 1, 1, 0, 1, 0, 1, 1, 1, 1, 1, 0, 1, 1, 1, 1, 1, 1, 1, 0, 1, 1, 1, 1, 0, 1, 1, 1, 0, 1, 1, 0, 0, 4, 4, 4, 4, 1, 6, -1, 5, 6, 6, 6, 6, 6, 6, 6, 6, 6, 6, 6, 0, 0, 1, 0, 0, 1, 0, 0, 1, 1, 0, 0, 0, 0, 1, 0, 0, 0, 0, 0, 1, 0, 0, 0, 1, 0, 0, 0, 1, 1, 1, 1, 1, 1, 1, 1, 1, 1, 1, 1, 1, 1, 1, 1, 0, 1, 1, 1, 1, 1, 1, 0, 1, 1, 1, 1, 1, 1, 1, 0, 1, 1, 0, 4, 4, 4, 4, 4, 1, 0, 0, 5, 6, 6, 6, 6, 6, 6, 6, 6, 6, 6, 6, 6
1100, 0, 0, 0, 0, 1, 1, 1, 0, 0, 0, 0, 0, 0, 1, 1, 0, 0, 0, 1, 0, 0, 0, 1, 0, 0, 0, 0, 0, 1, 1, 1, 1, 1, 1, 1, 1, 1, 1, 0, 1, 0, 1, 1, 1, 1, 1, 0, 1, 1, 1, 1, 1, 1, 1, 0, 1, 1, 1, 1, 0, 1, 1, 1, 0, 1, 1, 0, 0, 4, 4, 4, 4, 1, 6, -1, 5, 6, 6, 6, 6, 6, 6, 6, 6, 6, 6, 6, 0, 0, 1, 0, 0, 1, 0, 0, 1, 1, 0, 0, 0, 0, 1, 0, 0, 0, 0, 0, 1, 0, 0, 0, 1, 0, 0, 0, 1, 1, 1, 1, 1, 1, 1, 1, 1, 1, 1, 1, 1, 1, 1, 1, 0, 1, 1, 1, 1, 1, 1, 0, 1, 1, 1, 1, 1, 1, 1, 0, 1, 1, 0, 4, 4, 4, 4, 4, 1, 0, 0, 5, 6, 6, 6, 6, 6, 6, 6, 6, 6, 6, 6, 6
1200, 0, 0, 0, 0, 1, 1, 1, 0, 0, 0, 0, 0, 0, 1, 1, 0, 0, 0, 1, 0, 0, 0, 1, 0, 0, 0, 0, 0, 1, 1, 1, 1, 1, 1, 1, 1, 1, 1, 0, 1, 0, 1, 1, 1, 1, 1, 0, 1, 1, 1, 1, 1, 1, 1, 0, 1, 1, 1, 1, 0, 1, 1, 1, 0, 1, 1, 0, 0, 4, 4, 4, 4, 1, 6, -1, 5, 6, 6, 6, 6, 6, 6, 6, 6, 6, 6, 6, 0, 0, 1, 0, 0, 1, 0, 0, 1, 1, 0, 0, 0, 0, 1, 0, 0, 0, 0, 0, 1, 0, 0, 0, 1, 0, 0, 0, 1, 1, 1, 1, 1, 1, 1, 1, 1, 1, 1, 1, 1, 1, 1, 1, 0, 1, 1, 1, 1, 1, 1, 0, 1, 1, 1, 1, 1, 1, 1, 0, 1, 1, 0, 4, 4, 4, 4, 4, 1, 0, 0, 5, 6, 6, 6, 6, 6, 6, 6, 6, 6, 6, 6, 6
1300, 0, 0, 0, 0, 1, 1, 1, 0, 0, 0, 0, 0, 0, 1, 1, 0, 0, 0, 1, 0, 0, 0, 1, 0, 0, 0, 0, 0, 1, 1, 1, 1, 1, 1, 1, 1, 1, 1, 0, 1, 0, 1, 1, 1, 1, 1, 0, 1, 1, 1, 1, 1, 1, 1, 0, 1, 1, 1, 1, 0, 1, 1, 1, 0, 1, 1, 0, 0, 4, 4, 4, 4, 1, 6, -1, 5, 6, 6, 6, 6, 6, 6, 6, 6, 6, 6, 6, 0, 0, 1, 0, 0, 1, 0, 0, 1, 1, 0, 0, 0, 0, 1, 0, 0, 0, 0, 0, 1, 0, 0, 0, 1, 0, 0, 0, 1, 1, 1, 1, 1, 1, 1, 1, 1, 1, 1, 1, 1, 1, 1, 1, 0, 1, 1, 1, 1, 1, 1, 0, 1, 1, 1, 1, 1, 1, 1, 0, 1, 1, 0, 4, 4, 4, 4, 4, 1, 0, 0, 5, 6, 6, 6, 6, 6, 6, 6, 6, 6, 6, 6, 6
1400, 0, 0, 0, 0, 1, 1, 1, 0, 0, 0, 0, 0, 0, 1, 1, 0, 0, 0, 1, 0, 0, 0, 1, 0, 0, 0, 0, 0, 1, 1, 1, 1, 1, 1, 1, 1, 1, 1, 0, 1, 0, 1, 1, 1, 1, 1, 0, 1, 1, 1, 1, 1, 1, 1, 0, 1, 1, 1, 1, 0, 1, 1, 1, 0, 1, 1, 0, 0, 4, 4, 4, 4, 1, 6, -1, 5, 6, 6, 6, 6, 6, 6, 6, 6, 6, 6, 6, 0, 0, 1, 0, 0, 1, 0, 0, 1, 1, 0, 0, 0, 0, 1, 0, 0, 0, 0, 0, 1, 0, 0, 0, 1, 0, 0, 0, 1, 1, 1, 1, 1, 1, 1, 1, 1, 1, 1, 1, 1, 1, 1, 1, 0, 1, 1, 1, 1, 1, 1, 0, 1, 1, 1, 1, 1, 1, 1, 0, 1, 1, 0, 4, 4, 4, 4, 4, 1, 0, 0, 5, 6, 6, 6, 6, 6, 6, 6, 6, 6, 6, 6, 6
1500, 0, 0, 0, 0, 1, 1, 1, 0, 0, 0, 0, 0, 0, 1, 1, 0, 0, 0, 1, 0, 0, 0, 1, 0, 0, 0, 0, 0, 1, 1, 1, 1, 1, 1, 1, 1, 1, 1, 0, 1, 0, 1, 1, 1, 1, 1, 0, 1, 1, 1, 1, 1, 1, 1, 0, 1, 1, 1, 1, 0, 1, 1, 1, 0, 1, 1, 0, 0, 4, 4, 4, 4, 1, 6, -1, 5, 6, 6, 6, 6, 6, 6, 6, 6, 6, 6, 6, 0, 0, 1, 0, 0, 1, 0, 0, 1, 1, 0, 0, 0, 0, 1, 0, 0, 0, 0, 0, 1, 0, 0, 0, 1, 0, 0, 0, 1, 1, 1, 1, 1, 1, 1, 1, 1, 1, 1, 1, 1, 1, 1, 1, 0, 1, 1, 1, 1, 1, 1, 0, 1, 1, 1, 1, 1, 1, 1, 0, 1, 1, 0, 4, 4, 4, 4, 4, 1, 0, 0, 5, 6, 6, 6, 6, 6, 6, 6, 6, 6, 6, 6, 6
1600, 0, 0, 0, 0, 1, 1, 1, 0, 0, 0, 0, 0, 0, 1, 1, 0, 0, 0, 1, 0, 0, 0, 1, 0, 0, 0, 0, 0, 1, 1, 1, 1, 1, 1, 1, 1, 1, 1, 0, 1, 0, 1, 1, 1, 1, 1, 0, 1, 1, 1, 1, 1, 1, 1, 0, 1, 1, 1, 1, 0, 1, 1, 1, 0, 1, 1, 0, 0, 4, 4, 4, 4, 1, 6, -1, 5, 6, 6, 6, 6, 6, 6, 6, 6, 6, 6, 6, 0, 0, 1, 0, 0, 1, 0, 0, 1, 1, 0, 0, 0, 0, 1, 0, 0, 0, 0, 0, 1, 0, 0, 0, 1, 0, 0, 0, 1, 1, 1, 1, 1, 1, 1, 1, 1, 1, 1, 1, 1, 1, 1, 1, 0, 1, 1, 1, 1, 1, 1, 0, 1, 1, 1, 1, 1, 1, 1, 0, 1, 1, 0, 4, 4, 4, 4, 4, 1, 0, 0, 5, 6, 6, 6, 6, 6, 6, 6, 6, 6, 6, 6, 6
1700, 0, 0, 0, 0, 1, 1, 1, 0, 0, 0, 0, 0, 0, 1, 1, 0, 0, 0, 1, 0, 0, 0, 1, 0, 0, 0, 0, 0, 1, 1, 1, 1, 1, 1, 1, 1, 1, 1, 0, 1, 0, 1, 1, 1, 1, 1, 0, 1, 1, 1, 1, 1, 1, 1, 0, 1, 1, 1, 1, 0, 1, 1, 1, 0, 1, 1, 0, 0, 4, 4, 4, 4, 1, 6, -1, 5, 6, 6, 6, 6, 6, 6, 6, 6, 6, 6, 6, 0, 0, 1, 0, 0, 1, 0, 0, 1, 1, 0, 0, 0, 0, 1, 0, 0, 0, 0, 0, 1, 0, 0, 0, 1, 0, 0, 0, 1, 1, 1, 1, 1, 1, 1, 1, 1, 1, 1, 1, 1, 1, 1, 1, 0, 1, 1, 1, 1, 1, 1, 0, 1, 1, 1, 1, 1, 1, 1, 0, 1, 1, 0, 4, 4, 4, 4, 4, 1, 0, 0, 5, 6, 6, 6, 6, 6, 6, 6, 6, 6, 6, 6, 6
1800, 0, 0, 0, 0, 1, 1, 1, 0, 0, 0, 0, 0, 0, 1, 1, 0, 0, 0, 1, 0, 0, 0, 1, 0, 0, 0, 0, 0, 1, 1, 1, 1, 1, 1, 1, 1, 1, 1, 0, 1, 0, 1, 1, 1, 1, 1, 0, 1, 1, 1, 1, 1, 1, 1, 0, 1, 1, 1, 1, 0, 1, 1, 1, 0, 1, 1, 0, 0, 4, 4, 4, 4, 1, 6, -1, 5, 6, 6, 6, 6, 6, 6, 6, 6, 6, 6, 6, 0, 0, 1, 0, 0, 1, 0, 0, 1, 1, 0, 0, 0, 0, 1, 0, 0, 0, 0, 0, 1, 0, 0, 0, 1, 0, 0, 0, 1, 1, 1, 1, 1, 1, 1, 1, 1, 1, 1, 1, 1, 1, 1, 1, 0, 1, 1, 1, 1, 1, 1, 0, 1, 1, 1, 1, 1, 1, 1, 0, 1, 1, 0, 4, 4, 4, 4, 4, 1, 0, 0, 5, 6, 6, 6, 6, 6, 6, 6, 6, 6, 6, 6, 6
1900, 0, 0, 0, 0, 1, 1, 1, 0, 0, 0, 0, 0, 0, 1, 1, 0, 0, 0, 1, 0, 0, 0, 1, 0, 0, 0, 0, 0, 1, 1, 1, 1, 1, 1, 1, 1, 1, 1, 0, 1, 0, 1, 1, 1, 1, 1, 0, 1, 1, 1, 1, 1, 1, 1, 0, 1, 1, 1, 1, 0, 1, 1, 1, 0, 1, 1, 0, 0, 4, 4, 4, 4, 1, 6, -1, 5, 6, 6, 6, 6, 6, 6, 6, 6, 6, 6, 6, 0, 0, 1, 0, 0, 1, 0, 0, 1, 1, 0, 0, 0, 0, 1, 0, 0, 0, 0, 0, 1, 0, 0, 0, 1, 0, 0, 0, 1, 1, 1, 1, 1, 1, 1, 1, 1, 1, 1, 1, 1, 1, 1, 1, 0, 1, 1, 1, 1, 1, 1, 0, 1, 1, 1, 1, 1, 1, 1, 0, 1, 1, 0, 4, 4, 4, 4, 4, 1, 0, 0, 5, 6, 6, 6, 6, 6, 6, 6, 6, 6, 6, 6, 6
2000, 0, 0, 0, 0, 1, 1, 1, 0, 0, 0, 0, 0, 0, 1, 1, 0, 0, 0, 1, 0, 0, 0, 1, 0, 0, 0, 0, 0, 1, 1, 1, 1, 1, 1, 1, 1, 1, 1, 0, 1, 0, 1, 1, 1, 1, 1, 0, 1, 1, 1, 1, 1, 1, 1, 0, 1, 1, 1, 1, 0, 1, 1, 1, 0, 1, 1, 0, 0, 4, 4, 4, 4, 1, 6, -1, 5, 6, 6, 6, 6, 6, 6, 6, 6, 6, 6, 6, 0, 0, 1, 0, 0, 1, 0, 0, 1, 1, 0, 0, 0, 0, 1, 0, 0, 0, 0, 0, 1, 0, 0, 0, 1, 0, 0, 0, 1, 1, 1, 1, 1, 1, 1, 1, 1, 1, 1, 1, 1, 1, 1, 1, 0, 1, 1, 1, 1, 1, 1, 0, 1, 1, 1, 1, 1, 1, 1, 0, 1, 1, 0, 4, 4, 4, 4, 4, 1, 0, 0, 5, 6, 6, 6, 6, 6, 6, 6, 6, 6, 6, 6, 6
2100, 0, 0, 0, 0, 1, 1, 1, 0, 0, 0, 0, 0, 0, 1, 1, 0, 0, 0, 1, 0, 0, 0, 1, 0, 0, 0, 0, 0, 1, 1, 1, 1, 1, 1, 1, 1, 1, 1, 0, 1, 0, 1, 1, 1, 1, 1, 0, 1, 1, 1, 1, 1, 1, 1, 0, 1, 1, 1, 1, 0, 1, 1, 1, 0, 1, 1, 0, 0, 4, 4, 4, 4, 1, 6, -1, 5, 6, 6, 6, 6, 6, 6, 6, 6, 6, 6, 6, 0, 0, 1, 0, 0, 1, 0, 0, 1, 1, 0, 0, 0, 0, 1, 0, 0, 0, 0, 0, 1, 0, 0, 0, 1, 0, 0, 0, 1, 1, 1, 1, 1, 1, 1, 1, 1, 1, 1, 1, 1, 1, 1, 1, 0, 1, 1, 1, 1, 1, 1, 0, 1, 1, 1, 1, 1, 1, 1, 0, 1, 1, 0, 4, 4, 4, 4, 4, 1, 0, 0, 5, 6, 6, 6, 6, 6, 6, 6, 6, 6, 6, 6, 6
2200, 0, 0, 0, 0, 1, 1, 1, 0, 0, 0, 0, 0, 0, 1, 1, 0, 0, 0, 1, 0, 0, 0, 1, 0, 0, 0, 0, 0, 1, 1, 1, 1, 1, 1, 1, 1, 1, 1, 0, 1, 0, 1, 1, 1, 1, 1, 0, 1, 1, 1, 1, 1, 1, 1, 0, 1, 1, 1, 1, 0, 1, 1, 1, 0, 1, 1, 0, 0, 4, 4, 4, 4, 1, 6, -1, 5, 6, 6, 6, 6, 6, 6, 6, 6, 6, 6, 6, 0, 0, 1, 0, 0, 1, 0, 0, 1, 1, 0, 0, 0, 0, 1, 0, 0, 0, 0, 0, 1, 0, 0, 0, 1, 0, 0, 0, 1, 1, 1, 1, 1, 1, 1, 1, 1, 1, 1, 1, 1, 1, 1, 1, 0, 1, 1, 1, 1, 1, 1, 0, 1, 1, 1, 1, 1, 1, 1, 0, 1, 1, 0, 4, 4, 4, 4, 4, 1, 0, 0, 5, 6, 6, 6, 6, 6, 6, 6, 6, 6, 6, 6, 6
2300, 0, 0, 0, 0, 1, 1, 1, 0, 0, 0, 0, 0, 0, 1, 1, 0, 0, 0, 1, 0, 0, 0, 1, 0, 0, 0, 0, 0, 1, 1, 1, 1, 1, 1, 1, 1, 1, 1, 0, 1, 0, 1, 1, 1, 1, 1, 0, 1, 1, 1, 1, 1, 1, 1, 0, 1, 1, 1, 1, 0, 1, 1, 1, 0, 1, 1, 0, 0, 4, 4, 4, 4, 1, 6, -1, 5, 6, 6, 6, 6, 6, 6, 6, 6, 6, 6, 6, 0, 0, 1, 0, 0, 1, 0, 0, 1, 1, 0, 0, 0, 0, 1, 0, 0, 0, 0, 0, 1, 0, 0, 0, 1, 0, 0, 0, 1, 1, 1, 1, 1, 1, 1, 1, 1, 1, 1, 1, 1, 1, 1, 1, 0, 1, 1, 1, 1, 1, 1, 0, 1, 1, 1, 1, 1, 1, 1, 0, 1, 1, 0, 4, 4, 4, 4, 4, 1, 0, 0, 5, 6, 6, 6, 6, 6, 6, 6, 6, 6, 6, 6, 6
2400, 0, 0, 0, 0, 1, 1, 1, 0, 0, 0, 0, 0, 0, 1, 1, 0, 0, 0, 1, 0, 0, 0, 1, 0, 0, 0, 0, 0, 1, 1, 1, 1, 1, 1, 1, 1, 1, 1, 0, 1, 0, 1, 1, 1, 1, 1, 0, 1, 1, 1, 1, 1, 1, 1, 0, 1, 1, 1, 1, 0, 1, 1, 1, 0, 1, 1, 0, 0, 4, 4, 4, 4, 1, 6, -1, 5, 6, 6, 6, 6, 6, 6, 6, 6, 6, 6, 6, 0, 0, 1, 0, 0, 1, 0, 0, 1, 1, 0, 0, 0, 0, 1, 0, 0, 0, 0, 0, 1, 0, 0, 0, 1, 0, 0, 0, 1, 1, 1, 1, 1, 1, 1, 1, 1, 1, 1, 1, 1, 1, 1, 1, 0, 1, 1, 1, 1, 1, 1, 0, 1, 1, 1, 1, 1, 1, 1, 0, 1, 1, 0, 4, 4, 4, 4, 4, 1, 0, 0, 5, 6, 6, 6, 6, 6, 6, 6, 6, 6, 6, 6, 6
2500, 0, 0, 0, 0, 1, 1, 1, 0, 0, 0, 0, 0, 0, 1, 1, 0, 0, 0, 1, 0, 0, 0, 1, 0, 0, 0, 0, 0, 1, 1, 1, 1, 1, 1, 1, 1, 1, 1, 0, 1, 0, 1, 1, 1, 1, 1, 0, 1, 1, 1, 1, 1, 1, 1, 0, 1, 1, 1, 1, 0, 1, 1, 1, 0, 1, 1, 0, 0, 4, 4, 4, 4, 1, 6, -1, 5, 6, 6, 6, 6, 6, 6, 6, 6, 6, 6, 6, 0, 0, 1, 0, 0, 1, 0, 0, 1, 1, 0, 0, 0, 0, 1, 0, 0, 0, 0, 0, 1, 0, 0, 0, 1, 0, 0, 0, 1, 1, 1, 1, 1, 1, 1, 1, 1, 1, 1, 1, 1, 1, 1, 1, 0, 1, 1, 1, 1, 1, 1, 0, 1, 1, 1, 1, 1, 1, 1, 0, 1, 1, 0, 4, 4, 4, 4, 4, 1, 0, 0, 5, 6, 6, 6, 6, 6, 6, 6, 6, 6, 6, 6, 6
2600, 0, 0, 0, 0, 1, 1, 1, 0, 0, 0, 0, 0, 0, 1, 1, 0, 0, 0, 1, 0, 0, 0, 1, 0, 0, 0, 0, 0, 1, 1, 1, 1, 1, 1, 1, 1, 1, 1, 0, 1, 0, 1, 1, 1, 1, 1, 0, 1, 1, 1, 1, 1, 1, 1, 0, 1, 1, 1, 1, 0, 1, 1, 1, 0, 1, 1, 0, 0, 4, 4, 4, 4, 1, 6, -1, 5, 6, 6, 6, 6, 6, 6, 6, 6, 6, 6, 6, 0, 0, 1, 0, 0, 1, 0, 0, 1, 1, 0, 0, 0, 0, 1, 0, 0, 0, 0, 0, 1, 0, 0, 0, 1, 0, 0, 0, 1, 1, 1, 1, 1, 1, 1, 1, 1, 1, 1, 1, 1, 1, 1, 1, 0, 1, 1, 1, 1, 1, 1, 0, 1, 1, 1, 1, 1, 1, 1, 0, 1, 1, 0, 4, 4, 4, 4, 4, 1, 0, 0, 5, 6, 6, 6, 6, 6, 6, 6, 6, 6, 6, 6, 6
2700, 0, 0, 0, 0, 1, 1, 1, 0, 0, 0, 0, 0, 0, 1, 1, 0, 0, 0, 1, 0, 0, 0, 1, 0, 0, 0, 0, 0, 1, 1, 1, 1, 1, 1, 1, 1, 1, 1, 0, 1, 0, 1, 1, 1, 1, 1, 0, 1, 1, 1, 1, 1, 1, 1, 0, 1, 1, 1, 1, 0, 1, 1, 1, 0, 1, 1, 0, 0, 4, 4, 4, 4, 1, 6, -1, 5, 6, 6, 6, 6, 6, 6, 6, 6, 6, 6, 6, 0, 0, 1, 0, 0, 1, 0, 0, 1, 1, 0, 0, 0, 0, 1, 0, 0, 0, 0, 0, 1, 0, 0, 0, 1, 0, 0, 0, 1, 1, 1, 1, 1, 1, 1, 1, 1, 1, 1, 1, 1, 1, 1, 1, 0, 1, 1, 1, 1, 1, 1, 0, 1, 1, 1, 1, 1, 1, 1, 0, 1, 1, 0, 4, 4, 4, 4, 4, 1, 0, 0, 5, 6, 6, 6, 6, 6, 6, 6, 6, 6, 6, 6, 6
2800, 0, 0, 0, 0, 1, 1, 1, 0, 0, 0, 0, 0, 0, 1, 1, 0, 0, 0, 1, 0, 0, 0, 1, 0, 0, 0, 0, 0, 1, 1, 1, 1, 1, 1, 1, 1, 1, 1, 0, 1, 0, 1, 1, 1, 1, 1, 0, 1, 1, 1, 1, 1, 1, 1, 0, 1, 1, 1, 1, 0, 1, 1, 1, 0, 1, 1, 0, 0, 4, 4, 4, 4, 1, 6, -1, 5, 6, 6, 6, 6, 6, 6, 6, 6, 6, 6, 6, 0, 0, 1, 0, 0, 1, 0, 0, 1, 1, 0, 0, 0, 0, 1, 0, 0, 0, 0, 0, 1, 0, 0, 0, 1, 0, 0, 0, 1, 1, 1, 1, 1, 1, 1, 1, 1, 1, 1, 1, 1, 1, 1, 1, 0, 1, 1, 1, 1, 1, 1, 0, 1, 1, 1, 1, 1, 1, 1, 0, 1, 1, 0, 4, 4, 4, 4, 4, 1, 0, 0, 5, 6, 6, 6, 6, 6, 6, 6, 6, 6, 6, 6, 6
2900, 0, 0, 0, 0, 1, 1, 1, 0, 0, 0, 0, 0, 0, 1, 1, 0, 0, 0, 1, 0, 0, 0, 1, 0, 0, 0, 0, 0, 1, 1, 1, 1, 1, 1, 1, 1, 1, 1, 0, 1, 0, 1, 1, 1, 1, 1, 0, 1, 1, 1, 1, 1, 1, 1, 0, 1, 1, 1, 1, 0, 1, 1, 1, 0, 1, 1, 0, 0, 4, 4, 4, 4, 1, 6, -1, 5, 6, 6, 6, 6, 6, 6, 6, 6, 6, 6, 6, 0, 0, 1, 0, 0, 1, 0, 0, 1, 1, 0, 0, 0, 0, 1, 0, 0, 0, 0, 0, 1, 0, 0, 0, 1, 0, 0, 0, 1, 1, 1, 1, 1, 1, 1, 1, 1, 1, 1, 1, 1, 1, 1, 1, 0, 1, 1, 1, 1, 1, 1, 0, 1, 1, 1, 1, 1, 1, 1, 0, 1, 1, 0, 4, 4, 4, 4, 4, 1, 0, 0, 5, 6, 6, 6, 6, 6, 6, 6, 6, 6, 6, 6, 6
3000, 0, 0, 0, 0, 1, 1, 1, 0, 0, 0, 0, 0, 0, 1, 1, 0, 0, 0, 1, 0, 0, 0, 1, 0, 0, 0, 0, 0, 1, 1, 1, 1, 1, 1, 1, 1, 1, 1, 0, 1, 0, 1, 1, 1, 1, 1, 0, 1, 1, 1, 1, 1, 1, 1, 0, 1, 1, 1, 1, 0, 1, 1, 1, 0, 1, 1, 0, 0, 4, 4, 4, 4, 1, 6, -1, 5, 6, 6, 6, 6, 6, 6, 6, 6, 6, 6, 6, 0, 0, 1, 0, 0, 1, 0, 0, 1, 1, 0, 0, 0, 0, 1, 0, 0, 0, 0, 0, 1, 0, 0, 0, 1, 0, 0, 0, 1, 1, 1, 1, 1, 1, 1, 1, 1, 1, 1, 1, 1, 1, 1, 1, 0, 1, 1, 1, 1, 1, 1, 0, 1, 1, 1, 1, 1, 1, 1, 0, 1, 1, 0, 4, 4, 4, 4, 4, 1, 0, 0, 5, 6, 6, 6, 6, 6, 6, 6, 6, 6, 6, 6, 6
3100, 0, 0, 0, 0, 1, 1, 1, 0, 0, 0, 0, 0, 0, 1, 1, 0, 0, 0, 1, 0, 0, 0, 1, 0, 0, 0, 0, 0, 1, 1, 1, 1, 1, 1, 1, 1, 1, 1, 0, 1, 0, 1, 1, 1, 1, 1, 0, 1, 1, 1, 1, 1, 1, 1, 0, 1, 1, 1, 1, 0, 1, 1, 1, 0, 1, 1, 0, 0, 4, 4, 4, 4, 1, 6, -1, 5, 6, 6, 6, 6, 6, 6, 6, 6, 6, 6, 6, 0, 0, 1, 0, 0, 1, 0, 0, 1, 1, 0, 0, 0, 0, 1, 0, 0, 0, 0, 0, 1, 0, 0, 0, 1, 0, 0, 0, 1, 1, 1, 1, 1, 1, 1, 1, 1, 1, 1, 1, 1, 1, 1, 1, 0, 1, 1, 1, 1, 1, 1, 0, 1, 1, 1, 1, 1, 1, 1, 0, 1, 1, 0, 4, 4, 4, 4, 4, 1, 0, 0, 5, 6, 6, 6, 6, 6, 6, 6, 6, 6, 6, 6, 6
3200, 0, 0, 0, 0, 1, 1, 1, 0, 0, 0, 0, 0, 0, 1, 1, 0, 0, 0, 1, 0, 0, 0, 1, 0, 0, 0, 0, 0, 1, 1, 1, 1, 1, 1, 1, 1, 1, 1, 0, 1, 0, 1, 1, 1, 1, 1, 0, 1, 1, 1, 1, 1, 1, 1, 0, 1, 1, 1, 1, 0, 1, 1, 1, 0, 1, 1, 0, 0, 4, 4, 4, 4, 1, 6, -1, 5, 6, 6, 6, 6, 6, 6, 6, 6, 6, 6, 6, 0, 0, 1, 0, 0, 1, 0, 0, 1, 1, 0, 0, 0, 0, 1, 0, 0, 0, 0, 0, 1, 0, 0, 0, 1, 0, 0, 0, 1, 1, 1, 1, 1, 1, 1, 1, 1, 1, 1, 1, 1, 1, 1, 1, 0, 1, 1, 1, 1, 1, 1, 0, 1, 1, 1, 1, 1, 1, 1, 0, 1, 1, 0, 4, 4, 4, 4, 4, 1, 0, 0, 5, 6, 6, 6, 6, 6, 6, 6, 6, 6, 6, 6, 6
3300, 0, 0, 0, 0, 1, 1, 1, 0, 0, 0, 0, 0, 0, 1, 1, 0, 0, 0, 1, 0, 0, 0, 1, 0, 0, 0, 0, 0, 1, 1, 1, 1, 1, 1, 1, 1, 1, 1, 0, 1, 0, 1, 1, 1, 1, 1, 0, 1, 1, 1, 1, 1, 1, 1, 0, 1, 1, 1, 1, 0, 1, 1, 1, 0, 1, 1, 0, 0, 4, 4, 4, 4, 1, 6, -1, 5, 6, 6, 6, 6, 6, 6, 6, 6, 6, 6, 6, 0, 0, 1, 0, 0, 1, 0, 0, 1, 1, 0, 0, 0, 0, 1, 0, 0, 0, 0, 0, 1, 0, 0, 0, 1, 0, 0, 0, 1, 1, 1, 1, 1, 1, 1, 1, 1, 1, 1, 1, 1, 1, 1, 1, 0, 1, 1, 1, 1, 1, 1, 0, 1, 1, 1, 1, 1, 1, 1, 0, 1, 1, 0, 4, 4, 4, 4, 4, 1, 0, 0, 5, 6, 6, 6, 6, 6, 6, 6, 6, 6, 6, 6, 6
3400, 0, 0, 0, 0, 1, 1, 1, 0, 0, 0, 0, 0, 0, 1, 1, 0, 0, 0, 1, 0, 0, 0, 1, 0, 0, 0, 0, 0, 1, 1, 1, 1, 1, 1, 1, 1, 1, 1, 0, 1, 0, 1, 1, 1, 1, 1, 0, 1, 1, 1, 1, 1, 1, 1, 0, 1, 1, 1, 1, 0, 1, 1, 1, 0, 1, 1, 0, 0, 4, 4, 4, 4, 1, 6, -1, 5, 6, 6, 6, 6, 6, 6, 6, 6, 6, 6, 6, 0, 0, 1, 0, 0, 1, 0, 0, 1, 1, 0, 0, 0, 0, 1, 0, 0, 0, 0, 0, 1, 0, 0, 0, 1, 0, 0, 0, 1, 1, 1, 1, 1, 1, 1, 1, 1, 1, 1, 1, 1, 1, 1, 1, 0, 1, 1, 1, 1, 1, 1, 0, 1, 1, 1, 1, 1, 1, 1, 0, 1, 1, 0, 4, 4, 4, 4, 4, 1, 0, 0, 5, 6, 6, 6, 6, 6, 6, 6, 6, 6, 6, 6, 6
3500, 0, 0, 0, 0, 1, 1, 1, 0, 0, 0, 0, 0, 0, 1, 1, 0, 0, 0, 1, 0, 0, 0, 1, 0, 0, 0, 0, 0, 1, 1, 1, 1, 1, 1, 1, 1, 1, 1, 0, 1, 0, 1, 1, 1, 1, 1, 0, 1, 1, 1, 1, 1, 1, 1, 0, 1, 1, 1, 1, 0, 1, 1, 1, 0, 1, 1, 0, 0, 4, 4, 4, 4, 1, 6, -1, 5, 6, 6, 6, 6, 6, 6, 6, 6, 6, 6, 6, 0, 0, 1, 0, 0, 1, 0, 0, 1, 1, 0, 0, 0, 0, 1, 0, 0, 0, 0, 0, 1, 0, 0, 0, 1, 0, 0, 0, 1, 1, 1, 1, 1, 1, 1, 1, 1, 1, 1, 1, 1, 1, 1, 1, 0, 1, 1, 1, 1, 1, 1, 0, 1, 1, 1, 1, 1, 1, 1, 0, 1, 1, 0, 4, 4, 4, 4, 4, 1, 0, 0, 5, 6, 6, 6, 6, 6, 6, 6, 6, 6, 6, 6, 6
3600, 0, 0, 0, 0, 1, 1, 1, 0, 0, 0, 0, 0, 0, 1, 1, 0, 0, 0, 1, 0, 0, 0, 1, 0, 0, 0, 0, 0, 1, 1, 1, 1, 1, 1, 1, 1, 1, 1, 0, 1, 0, 1, 1, 1, 1, 1, 0, 1, 1, 1, 1, 1, 1, 1, 0, 1, 1, 1, 1, 0, 1, 1, 1, 0, 1, 1, 0, 0, 4, 4, 4, 4, 1, 6, -1, 5, 6, 6, 6, 6, 6, 6, 6, 6, 6, 6, 6, 0, 0, 1, 0, 0, 1, 0, 0, 1, 1, 0, 0, 0, 0, 1, 0, 0, 0, 0, 0, 1, 0, 0, 0, 1, 0, 0, 0, 1, 1, 1, 1, 1, 1, 1, 1, 1, 1, 1, 1, 1, 1, 1, 1, 0, 1, 1, 1, 1, 1, 1, 0, 1, 1, 1, 1, 1, 1, 1, 0, 1, 1, 0, 4, 4, 4, 4, 4, 1, 0, 0, 5, 6, 6, 6, 6, 6, 6, 6, 6, 6, 6, 6, 6
3700, 0, 0, 0, 0, 1, 1, 1, 0, 0, 0, 0, 0, 0, 1, 1, 0, 0, 0, 1, 0, 0, 0, 1, 0, 0, 0, 0, 0, 1, 1, 1, 1, 1, 1, 1, 1, 1, 1, 0, 1, 0, 1, 1, 1, 1, 1, 0, 1, 1, 1, 1, 1, 1, 1, 0, 1, 1, 1, 1, 0, 1, 1, 1, 0, 1, 1, 0, 0, 4, 4, 4, 4, 1, 6, -1, 5, 6, 6, 6, 6, 6, 6, 6, 6, 6, 6, 6, 0, 0, 1, 0, 0, 1, 0, 0, 1, 1, 0, 0, 0, 0, 1, 0, 0, 0, 0, 0, 1, 0, 0, 0, 1, 0, 0, 0, 1, 1, 1, 1, 1, 1, 1, 1, 1, 1, 1, 1, 1, 1, 1, 1, 0, 1, 1, 1, 1, 1, 1, 0, 1, 1, 1, 1, 1, 1, 1, 0, 1, 1, 0, 4, 4, 4, 4, 4, 1, 0, 0, 5, 6, 6, 6, 6, 6, 6, 6, 6, 6, 6, 6, 6
3800, 0, 0, 0, 0, 1, 1, 1, 0, 0, 0, 0, 0, 0, 1, 1, 0, 0, 0, 1, 0, 0, 0, 1, 0, 0, 0, 0, 0, 1, 1, 1, 1, 1, 1, 1, 1, 1, 1, 0, 1, 0, 1, 1, 1, 1, 1, 0, 1, 1, 1, 1, 1, 1, 1, 0, 1, 1, 1, 1, 0, 1, 1, 1, 0, 1, 1, 0, 0, 4, 4, 4, 4, 1, 6, -1, 5, 6, 6, 6, 6, 6, 6, 6, 6, 6, 6, 6, 0, 0, 1, 0, 0, 1, 0, 0, 1, 1, 0, 0, 0, 0, 1, 0, 0, 0, 0, 0, 1, 0, 0, 0, 1, 0, 0, 0, 1, 1, 1, 1, 1, 1, 1, 1, 1, 1, 1, 1, 1, 1, 1, 1, 0, 1, 1, 1, 1, 1, 1, 0, 1, 1, 1, 1, 1, 1, 1, 0, 1, 1, 0, 4, 4, 4, 4, 4, 1, 0, 0, 5, 6, 6, 6, 6, 6, 6, 6, 6, 6, 6, 6, 6
3900, 0, 0, 0, 0, 1, 1, 1, 0, 0, 0, 0, 0, 0, 1, 1, 0, 0, 0, 1, 0, 0, 0, 1, 0, 0, 0, 0, 0, 1, 1, 1, 1, 1, 1, 1, 1, 1, 1, 0, 1, 0, 1, 1, 1, 1, 1, 0, 1, 1, 1, 1, 1, 1, 1, 0, 1, 1, 1, 1, 0, 1, 1, 1, 0, 1, 1, 0, 0, 4, 4, 4, 4, 1, 6, -1, 5, 6, 6, 6, 6, 6, 6, 6, 6, 6, 6, 6, 0, 0, 1, 0, 0, 1, 0, 0, 1, 1, 0, 0, 0, 0, 1, 0, 0, 0, 0, 0, 1, 0, 0, 0, 1, 0, 0, 0, 1, 1, 1, 1, 1, 1, 1, 1, 1, 1, 1, 1, 1, 1, 1, 1, 0, 1, 1, 1, 1, 1, 1, 0, 1, 1, 1, 1, 1, 1, 1, 0, 1, 1, 0, 4, 4, 4, 4, 4, 1, 0, 0, 5, 6, 6, 6, 6, 6, 6, 6, 6, 6, 6, 6, 6
4000, 0, 0, 0, 0, 1, 1, 1, 0, 0, 0, 0, 0, 0, 1, 1, 0, 0, 0, 1, 0, 0, 0, 1, 0, 0, 0, 0, 0, 1, 1, 1, 1, 1, 1, 1, 1, 1, 1, 0, 1, 0, 1, 1, 1, 1, 1, 0, 1, 1, 1, 1, 1, 1, 1, 0, 1, 1, 1, 1, 0, 1, 1, 1, 0, 1, 1, 0, 0, 4, 4, 4, 4, 1, 6, -1, 5, 6, 6, 6, 6, 6, 6, 6, 6, 6, 6, 6, 0, 0, 1, 0, 0, 1, 0, 0, 1, 1, 0, 0, 0, 0, 1, 0, 0, 0, 0, 0, 1, 0, 0, 0, 1, 0, 0, 0, 1, 1, 1, 1, 1, 1, 1, 1, 1, 1, 1, 1, 1, 1, 1, 1, 0, 1, 1, 1, 1, 1, 1, 0, 1, 1, 1, 1, 1, 1, 1, 0, 1, 1, 0, 4, 4, 4, 4, 4, 1, 0, 0, 5, 6, 6, 6, 6, 6, 6, 6, 6, 6, 6, 6, 6
4100, 0, 0, 0, 0, 1, 1, 1, 0, 0, 0, 0, 0, 0, 1, 1, 0, 0, 0, 1, 0, 0, 0, 1, 0, 0, 0, 0, 0, 1, 1, 1, 1, 1, 1, 1, 1, 1, 1, 0, 1, 0, 1, 1, 1, 1, 1, 0, 1, 1, 1, 1, 1, 1, 1, 0, 1, 1, 1, 1, 0, 1, 1, 1, 0, 1, 1, 0, 0, 4, 4, 4, 4, 1, 6, -1, 5, 6, 6, 6, 6, 6, 6, 6, 6, 6, 6, 6, 0, 0, 1, 0, 0, 1, 0, 0, 1, 1, 0, 0, 0, 0, 1, 0, 0, 0, 0, 0, 1, 0, 0, 0, 1, 0, 0, 0, 1, 1, 1, 1, 1, 1, 1, 1, 1, 1, 1, 1, 1, 1, 1, 1, 0, 1, 1, 1, 1, 1, 1, 0, 1, 1, 1, 1, 1, 1, 1, 0, 1, 1, 0, 4, 4, 4, 4, 4, 1, 0, 0, 5, 6, 6, 6, 6, 6, 6, 6, 6, 6, 6, 6, 6
4200, 0, 0, 0, 0, 1, 1, 1, 0, 0, 0, 0, 0, 0, 1, 1, 0, 0, 0, 1, 0, 0, 0, 1, 0, 0, 0, 0, 0, 1, 1, 1, 1, 1, 1, 1, 1, 1, 1, 0, 1, 0, 1, 1, 1, 1, 1, 0, 1, 1, 1, 1, 1, 1, 1, 0, 1, 1, 1, 1, 0, 1, 1, 1, 0, 1, 1, 0, 0, 4, 4, 4, 4, 1, 6, -1, 5, 6, 6, 6, 6, 6, 6, 6, 6, 6, 6, 6, 0, 0, 1, 0, 0, 1, 0, 0, 1, 1, 0, 0, 0, 0, 1, 0, 0, 0, 0, 0, 1, 0, 0, 0, 1, 0, 0, 0, 1, 1, 1, 1, 1, 1, 1, 1, 1, 1, 1, 1, 1, 1, 1, 1, 0, 1, 1, 1, 1, 1, 1, 0, 1, 1, 1, 1, 1, 1, 1, 0, 1, 1, 0, 4, 4, 4, 4, 4, 1, 0, 0, 5, 6, 6, 6, 6, 6, 6, 6, 6, 6, 6, 6, 6
4300, 0, 0, 0, 0, 1, 1, 1, 0, 0, 0, 0, 0, 0, 1, 1, 0, 0, 0, 1, 0, 0, 0, 1, 0, 0, 0, 0, 0, 1, 1, 1, 1, 1, 1, 1, 1, 1, 1, 0, 1, 0, 1, 1, 1, 1, 1, 0, 1, 1, 1, 1, 1, 1, 1, 0, 1, 1, 1, 1, 0, 1, 1, 1, 0, 1, 1, 0, 0, 4, 4, 4, 4, 1, 6, -1, 5, 6, 6, 6, 6, 6, 6, 6, 6, 6, 6, 6, 0, 0, 1, 0, 0, 1, 0, 0, 1, 1, 0, 0, 0, 0, 1, 0, 0, 0, 0, 0, 1, 0, 0, 0, 1, 0, 0, 0, 1, 1, 1, 1, 1, 1, 1, 1, 1, 1, 1, 1, 1, 1, 1, 1, 0, 1, 1, 1, 1, 1, 1, 0, 1, 1, 1, 1, 1, 1, 1, 0, 1, 1, 0, 4, 4, 4, 4, 4, 1, 0, 0, 5, 6, 6, 6, 6, 6, 6, 6, 6, 6, 6, 6, 6
4400, 0, 0, 0, 0, 1, 1, 1, 0, 0, 0, 0, 0, 0, 1, 1, 0, 0, 0, 1, 0, 0, 0, 1, 0, 0, 0, 0, 0, 1, 1, 1, 1, 1, 1, 1, 1, 1, 1, 0, 1, 0, 1, 1, 1, 1, 1, 0, 1, 1, 1, 1, 1, 1, 1, 0, 1, 1, 1, 1, 0, 1, 1, 1, 0, 1, 1, 0, 0, 4, 4, 4, 4, 1, 6, -1, 5, 6, 6, 6, 6, 6, 6, 6, 6, 6, 6, 6, 0, 0, 1, 0, 0, 1, 0, 0, 1, 1, 0, 0, 0, 0, 1, 0, 0, 0, 0, 0, 1, 0, 0, 0, 1, 0, 0, 0, 1, 1, 1, 1, 1, 1, 1, 1, 1, 1, 1, 1, 1, 1, 1, 1, 0, 1, 1, 1, 1, 1, 1, 0, 1, 1, 1, 1, 1, 1, 1, 0, 1, 1, 0, 4, 4, 4, 4, 4, 1, 0, 0, 5, 6, 6, 6, 6, 6, 6, 6, 6, 6, 6, 6, 6
4500, 0, 0, 0, 0, 1, 1, 1, 0, 0, 0, 0, 0, 0, 1, 1, 0, 0, 0, 1, 0, 0, 0, 1, 0, 0, 0, 0, 0, 1, 1, 1, 1, 1, 1, 1, 1, 1, 1, 0, 1, 0, 1, 1, 1, 1, 1, 0, 1, 1, 1, 1, 1, 1, 1, 0, 1, 1, 1, 1, 0, 1, 1, 1, 0, 1, 1, 0, 0, 4, 4, 4, 4, 1, 6, -1, 5, 6, 6, 6, 6, 6, 6, 6, 6, 6, 6, 6, 0, 0, 1, 0, 0, 1, 0, 0, 1, 1, 0, 0, 0, 0, 1, 0, 0, 0, 0, 0, 1, 0, 0, 0, 1, 0, 0, 0, 1, 1, 1, 1, 1, 1, 1, 1, 1, 1, 1, 1, 1, 1, 1, 1, 0, 1, 1, 1, 1, 1, 1, 0, 1, 1, 1, 1, 1, 1, 1, 0, 1, 1, 0, 4, 4, 4, 4, 4, 1, 0, 0, 5, 6, 6, 6, 6, 6, 6, 6, 6, 6, 6, 6, 6
4600, 0, 0, 0, 0, 1, 1, 1, 0, 0, 0, 0, 0, 0, 1, 1, 0, 0, 0, 1, 0, 0, 0, 1, 0, 0, 0, 0, 0, 1, 1, 1, 1, 1, 1, 1, 1, 1, 1, 0, 1, 0, 1, 1, 1, 1, 1, 0, 1, 1, 1, 1, 1, 1, 1, 0, 1, 1, 1, 1, 0, 1, 1, 1, 0, 1, 1, 0, 0, 4, 4, 4, 4, 1, 6, -1, 5, 6, 6, 6, 6, 6, 6, 6, 6, 6, 6, 6, 0, 0, 1, 0, 0, 1, 0, 0, 1, 1, 0, 0, 0, 0, 1, 0, 0, 0, 0, 0, 1, 0, 0, 0, 1, 0, 0, 0, 1, 1, 1, 1, 1, 1, 1, 1, 1, 1, 1, 1, 1, 1, 1, 1, 0, 1, 1, 1, 1, 1, 1, 0, 1, 1, 1, 1, 1, 1, 1, 0, 1, 1, 0, 4, 4, 4, 4, 4, 1, 0, 0, 5, 6, 6, 6, 6, 6, 6, 6, 6, 6, 6, 6, 6
4700, 0, 0, 0, 0, 1, 1, 1, 0, 0, 0, 0, 0, 0, 1, 1, 0, 0, 0, 1, 0, 0, 0, 1, 0, 0, 0, 0, 0, 1, 1, 1, 1, 1, 1, 1, 1, 1, 1, 0, 1, 0, 1, 1, 1, 1, 1, 0, 1, 1, 1, 1, 1, 1, 1, 0, 1, 1, 1, 1, 0, 1, 1, 1, 0, 1, 1, 0, 0, 4, 4, 4, 4, 1, 6, -1, 5, 6, 6, 6, 6, 6, 6, 6, 6, 6, 6, 6, 0, 0, 1, 0, 0, 1, 0, 0, 1, 1, 0, 0, 0, 0, 1, 0, 0, 0, 0, 0, 1, 0, 0, 0, 1, 0, 0, 0, 1, 1, 1, 1, 1, 1, 1, 1, 1, 1, 1, 1, 1, 1, 1, 1, 0, 1, 1, 1, 1, 1, 1, 0, 1, 1, 1, 1, 1, 1, 1, 0, 1, 1, 0, 4, 4, 4, 4, 4, 1, 0, 0, 5, 6, 6, 6, 6, 6, 6, 6, 6, 6, 6, 6, 6
4800, 0, 0, 0, 0, 1, 1, 1, 0, 0, 0, 0, 0, 0, 1, 1, 0, 0, 0, 1, 0, 0, 0, 1, 0, 0, 0, 0, 0, 1, 1, 1, 1, 1, 1, 1, 1, 1, 1, 0, 1, 0, 1, 1, 1, 1, 1, 0, 1, 1, 1, 1, 1, 1, 1, 0, 1, 1, 1, 1, 0, 1, 1, 1, 0, 1, 1, 0, 0, 4, 4, 4, 4, 1, 6, -1, 5, 6, 6, 6, 6, 6, 6, 6, 6, 6, 6, 6, 0, 0, 1, 0, 0, 1, 0, 0, 1, 1, 0, 0, 0, 0, 1, 0, 0, 0, 0, 0, 1, 0, 0, 0, 1, 0, 0, 0, 1, 1, 1, 1, 1, 1, 1, 1, 1, 1, 1, 1, 1, 1, 1, 1, 0, 1, 1, 1, 1, 1, 1, 0, 1, 1, 1, 1, 1, 1, 1, 0, 1, 1, 0, 4, 4, 4, 4, 4, 1, 0, 0, 5, 6, 6, 6, 6, 6, 6, 6, 6, 6, 6, 6, 6
4900, 0, 0, 0, 0, 1, 1, 1, 0, 0, 0, 0, 0, 0, 1, 1, 0, 0, 0, 1, 0, 0, 0, 1, 0, 0, 0, 0, 0, 1, 1, 1, 1, 1, 1, 1, 1, 1, 1, 0, 1, 0, 1, 1, 1, 1, 1, 0, 1, 1, 1, 1, 1, 1, 1, 0, 1, 1, 1, 1, 0, 1, 1, 1, 0, 1, 1, 0, 0, 4, 4, 4, 4, 1, 6, -1, 5, 6, 6, 6, 6, 6, 6, 6, 6, 6, 6, 6, 0, 0, 1, 0, 0, 1, 0, 0, 1, 1, 0, 0, 0, 0, 1, 0, 0, 0, 0, 0, 1, 0, 0, 0, 1, 0, 0, 0, 1, 1, 1, 1, 1, 1, 1, 1, 1, 1, 1, 1, 1, 1, 1, 1, 0, 1, 1, 1, 1, 1, 1, 0, 1, 1, 1, 1, 1, 1, 1, 0, 1, 1, 0, 4, 4, 4, 4, 4, 1, 0, 0, 5, 6, 6, 6, 6, 6, 6, 6, 6, 6, 6, 6, 6
5000, 0, 0, 0, 0, 1, 1, 1, 0, 0, 0, 0, 0, 0, 1, 1, 0, 0, 0, 1, 0, 0, 0, 1, 0, 0, 0, 0, 0, 1, 1, 1, 1, 1, 1, 1, 1, 1, 1, 0, 1, 0, 1, 1, 1, 1, 1, 0, 1, 1, 1, 1, 1, 1, 1, 0, 1, 1, 1, 1, 0, 1, 1, 1, 0, 1, 1, 0, 0, 4, 4, 4, 4, 1, 6, -1, 5, 6, 6, 6, 6, 6, 6, 6, 6, 6, 6, 6, 0, 0, 1, 0, 0, 1, 0, 0, 1, 1, 0, 0, 0, 0, 1, 0, 0, 0, 0, 0, 1, 0, 0, 0, 1, 0, 0, 0, 1, 1, 1, 1, 1, 1, 1, 1, 1, 1, 1, 1, 1, 1, 1, 1, 0, 1, 1, 1, 1, 1, 1, 0, 1, 1, 1, 1, 1, 1, 1, 0, 1, 1, 0, 4, 4, 4, 4, 4, 1, 0, 0, 5, 6, 6, 6, 6, 6, 6, 6, 6, 6, 6, 6, 6
5100, 0, 0, 0, 0, 1, 1, 1, 0, 0, 0, 0, 0, 0, 1, 1, 0, 0, 0, 1, 0, 0, 0, 1, 0, 0, 0, 0, 0, 1, 1, 1, 1, 1, 1, 1, 1, 1, 1, 0, 1, 0, 1, 1, 1, 1, 1, 0, 1, 1, 1, 1, 1, 1, 1, 0, 1, 1, 1, 1, 0, 1, 1, 1, 0, 1, 1, 0, 0, 4, 4, 4, 4, 1, 6, -1, 5, 6, 6, 6, 6, 6, 6, 6, 6, 6, 6, 6, 0, 0, 1, 0, 0, 1, 0, 0, 1, 1, 0, 0, 0, 0, 1, 0, 0, 0, 0, 0, 1, 0, 0, 0, 1, 0, 0, 0, 1, 1, 1, 1, 1, 1, 1, 1, 1, 1, 1, 1, 1, 1, 1, 1, 0, 1, 1, 1, 1, 1, 1, 0, 1, 1, 1, 1, 1, 1, 1, 0, 1, 1, 0, 4, 4, 4, 4, 4, 1, 0, 0, 5, 6, 6, 6, 6, 6, 6, 6, 6, 6, 6, 6, 6
5200, 0, 0, 0, 0, 1, 1, 1, 0, 0, 0, 0, 0, 0, 1, 1, 0, 0, 0, 1, 0, 0, 0, 1, 0, 0, 0, 0, 0, 1, 1, 1, 1, 1, 1, 1, 1, 1, 1, 0, 1, 0, 1, 1, 1, 1, 1, 0, 1, 1, 1, 1, 1, 1, 1, 0, 1, 1, 1, 1, 0, 1, 1, 1, 0, 1, 1, 0, 0, 4, 4, 4, 4, 1, 6, -1, 5, 6, 6, 6, 6, 6, 6, 6, 6, 6, 6, 6, 0, 0, 1, 0, 0, 1, 0, 0, 1, 1, 0, 0, 0, 0, 1, 0, 0, 0, 0, 0, 1, 0, 0, 0, 1, 0, 0, 0, 1, 1, 1, 1, 1, 1, 1, 1, 1, 1, 1, 1, 1, 1, 1, 1, 0, 1, 1, 1, 1, 1, 1, 0, 1, 1, 1, 1, 1, 1, 1, 0, 1, 1, 0, 4, 4, 4, 4, 4, 1, 0, 0, 5, 6, 6, 6, 6, 6, 6, 6, 6, 6, 6, 6, 6

Test:
true-label, 0, 0, 0, 0, 0, 0, 0, 1, 1, 1, 1, 1, 1, 1, 4, 4, 6, 6, 6, 6, 0, 0, 0, 0, 0, 0, 0, 1, 1, 1, 1, 1, 1, 1, 1, 2, 2, 2, 4, 5, 5, 6, 6
0, -1, 6, -1, 1, -1, -1, 6, 1, 6, 6, 6, -1, 6, -1, 6, 6, -1, 6, 6, 6, 6, 1, -1, 6, -1, -1, 1, 6, 6, 6, 1, -1, 1, 6, 1, -1, 6, 1, 6, 6, 6, 6, 6
100, -1, 6, -1, 1, -1, -1, 6, 1, 6, 6, 6, -1, 6, -1, 6, 6, -1, 6, 6, 6, 6, 1, -1, 6, -1, -1, 1, 6, 6, 6, 1, -1, 1, 6, 1, -1, 6, 1, 6, 6, 6, 6, 6
200, -1, -1, -1, 1, -1, -1, -1, 1, 6, -1, -1, -1, -1, -1, -1, 6, -1, 6, 6, 6, 6, 1, -1, -1, -1, -1, 1, 6, 6, 6, 1, -1, 1, -1, 1, -1, -1, 1, 6, -1, -1, 6, 6
300, 0, 1, 0, 0, 0, 0, 0, 1, 1, 1, 1, 0, 1, 0, 4, 4, 0, 6, 6, 6, 1, 1, 0, 0, 1, 0, 0, 1, 1, 6, 1, 1, 1, 1, 1, 0, 1, 1, 4, 0, 0, 1, 6
400, 0, 1, 0, 0, 0, 0, 0, 1, 1, 1, 1, 0, 1, 0, 4, 4, 0, 6, 6, 6, 1, 1, 0, 0, 1, 0, 0, 1, 1, 6, 1, 1, 1, 1, 1, 0, 1, 1, 4, 0, 0, 1, 6
500, 0, 0, 0, 0, 0, 0, 0, 1, 1, 1, 1, 0, 0, 0, 4, 4, 0, 6, 6, 6, 1, 1, 0, 0, 1, 0, 0, 1, 1, 6, 1, 0, 6, 1, 1, 0, 0, 1, 4, 0, 0, 1, 6
600, 0, 0, 0, 0, 0, 0, 0, 1, 1, 1, 1, 0, 0, 0, 4, 4, 0, 1, 6, 6, 1, 1, 0, 0, 0, 0, 0, 1, 1, 1, 1, 0, 6, 1, 1, 0, 1, 1, 4, 0, 0, 1, 6
700, 0, 0, 0, 0, 0, 0, 0, 1, 1, 1, 1, 0, 0, 0, 4, 4, 0, 1, 6, 6, 1, 1, 0, 0, 0, 0, 0, 1, 1, 1, 1, 0, 6, 1, 1, 0, 1, 1, 4, 0, 0, 1, 6
800, 0, 0, 0, 0, 0, 0, 0, 1, 1, 1, 1, 0, 0, 0, 4, 4, 0, 1, 6, 6, 1, 1, 0, 0, 0, 0, 0, 1, 1, 1, 1, 0, 6, 1, 1, 0, 1, 1, 4, 0, 0, 1, 6
900, 0, 0, 0, 0, 0, 0, 0, 1, 1, 1, 1, 0, 0, 0, 4, 4, 0, 1, 6, 6, 1, 1, 0, 0, 0, 0, 0, 1, 1, 1, 1, 0, 6, 1, 1, 0, 1, 1, 4, 0, 0, 1, 6
1000, 0, 0, 0, 0, 0, 0, 0, 1, 1, 1, 1, 0, 0, 0, 4, 4, 0, 1, 6, 6, 1, 1, 0, 0, 0, 0, 0, 1, 1, 1, 1, 0, 6, 1, 1, 0, 1, 1, 4, 0, 0, 1, 6
1100, 0, 0, 0, 0, 0, 0, 0, 1, 1, 1, 1, 0, 0, 0, 4, 4, 0, 1, 6, 6, 1, 1, 0, 0, 0, 0, 0, 1, 1, 1, 1, 0, 6, 1, 1, 0, 1, 1, 4, 0, 0, 1, 6
1200, 0, 0, 0, 0, 0, 0, 0, 1, 1, 1, 1, 0, 0, 0, 4, 4, 0, 1, 6, 6, 1, 1, 0, 0, 0, 0, 0, 1, 1, 1, 1, 0, 6, 1, 1, 0, 1, 1, 4, 0, 0, 1, 6
1300, 0, 0, 0, 0, 0, 0, 0, 1, 1, 1, 1, 0, 0, 0, 4, 4, 0, 1, 6, 6, 1, 1, 0, 0, 0, 0, 0, 1, 1, 1, 1, 0, 6, 1, 1, 0, 1, 1, 4, 0, 0, 1, 6
1400, 0, 0, 0, 0, 0, 0, 0, 1, 1, 1, 1, 0, 0, 0, 4, 4, 0, 1, 6, 6, 1, 1, 0, 0, 0, 0, 0, 1, 1, 1, 1, 0, 6, 1, 1, 0, 1, 1, 4, 0, 0, 1, 6
1500, 0, 0, 0, 0, 0, 0, 0, 1, 1, 1, 1, 0, 0, 0, 4, 4, 0, 1, 6, 6, 1, 1, 0, 0, 0, 0, 0, 1, 1, 1, 1, 0, 6, 1, 1, 0, 1, 1, 4, 0, 0, 1, 6
1600, 0, 0, 0, 0, 0, 0, 0, 1, 1, 1, 1, 0, 0, 0, 4, 4, 0, 1, 6, 6, 1, 1, 0, 0, 0, 0, 0, 1, 1, 1, 1, 0, 6, 1, 1, 0, 1, 1, 4, 0, 0, 1, 6
1700, 0, 0, 0, 0, 0, 0, 0, 1, 1, 1, 1, 0, 0, 0, 4, 4, 0, 1, 6, 6, 1, 1, 0, 0, 0, 0, 0, 1, 1, 1, 1, 0, 6, 1, 1, 0, 1, 1, 4, 0, 0, 1, 6
1800, 0, 0, 0, 0, 0, 0, 0, 1, 1, 1, 1, 0, 0, 0, 4, 4, 0, 1, 6, 6, 1, 1, 0, 0, 0, 0, 0, 1, 1, 1, 1, 0, 6, 1, 1, 0, 1, 1, 4, 0, 0, 1, 6
1900, 0, 0, 0, 0, 0, 0, 0, 1, 1, 1, 1, 0, 0, 0, 4, 4, 0, 1, 6, 6, 1, 1, 0, 0, 0, 0, 0, 1, 1, 1, 1, 0, 6, 1, 1, 0, 1, 1, 4, 0, 0, 1, 6
2000, 0, 0, 0, 0, 0, 0, 0, 1, 1, 1, 1, 0, 0, 0, 4, 4, 0, 1, 6, 6, 1, 1, 0, 0, 0, 0, 0, 1, 1, 1, 1, 0, 6, 1, 1, 0, 1, 1, 4, 0, 0, 1, 6
2100, 0, 0, 0, 0, 0, 0, 0, 1, 1, 1, 1, 0, 0, 0, 4, 4, 0, 1, 6, 6, 1, 1, 0, 0, 0, 0, 0, 1, 1, 1, 1, 0, 6, 1, 1, 0, 1, 1, 4, 0, 0, 1, 6
2200, 0, 0, 0, 0, 0, 0, 0, 1, 1, 1, 1, 0, 0, 0, 4, 4, 0, 1, 6, 6, 1, 1, 0, 0, 0, 0, 0, 1, 1, 1, 1, 0, 6, 1, 1, 0, 1, 1, 4, 0, 0, 1, 6
2300, 0, 0, 0, 0, 0, 0, 0, 1, 1, 1, 1, 0, 0, 0, 4, 4, 0, 1, 6, 6, 1, 1, 0, 0, 0, 0, 0, 1, 1, 1, 1, 0, 6, 1, 1, 0, 1, 1, 4, 0, 0, 1, 6
2400, 0, 0, 0, 0, 0, 0, 0, 1, 1, 1, 1, 0, 0, 0, 4, 4, 0, 1, 6, 6, 1, 1, 0, 0, 0, 0, 0, 1, 1, 1, 1, 0, 6, 1, 1, 0, 1, 1, 4, 0, 0, 1, 6
2500, 0, 0, 0, 0, 0, 0, 0, 1, 1, 1, 1, 0, 0, 0, 4, 4, 0, 1, 6, 6, 1, 1, 0, 0, 0, 0, 0, 1, 1, 1, 1, 0, 6, 1, 1, 0, 1, 1, 4, 0, 0, 1, 6
2600, 0, 0, 0, 0, 0, 0, 0, 1, 1, 1, 1, 0, 0, 0, 4, 4, 0, 1, 6, 6, 1, 1, 0, 0, 0, 0, 0, 1, 1, 1, 1, 0, 6, 1, 1, 0, 1, 1, 4, 0, 0, 1, 6
2700, 0, 0, 0, 0, 0, 0, 0, 1, 1, 1, 1, 0, 0, 0, 4, 4, 0, 1, 6, 6, 1, 1, 0, 0, 0, 0, 0, 1, 1, 1, 1, 0, 6, 1, 1, 0, 1, 1, 4, 0, 0, 1, 6
2800, 0, 0, 0, 0, 0, 0, 0, 1, 1, 1, 1, 0, 0, 0, 4, 4, 0, 1, 6, 6, 1, 1, 0, 0, 0, 0, 0, 1, 1, 1, 1, 0, 6, 1, 1, 0, 1, 1, 4, 0, 0, 1, 6
2900, 0, 0, 0, 0, 0, 0, 0, 1, 1, 1, 1, 0, 0, 0, 4, 4, 0, 1, 6, 6, 1, 1, 0, 0, 0, 0, 0, 1, 1, 1, 1, 0, 6, 1, 1, 0, 1, 1, 4, 0, 0, 1, 6
3000, 0, 0, 0, 0, 0, 0, 0, 1, 1, 1, 1, 0, 0, 0, 4, 4, 0, 1, 6, 6, 1, 1, 0, 0, 0, 0, 0, 1, 1, 1, 1, 0, 6, 1, 1, 0, 1, 1, 4, 0, 0, 1, 6
3100, 0, 0, 0, 0, 0, 0, 0, 1, 1, 1, 1, 0, 0, 0, 4, 4, 0, 1, 6, 6, 1, 1, 0, 0, 0, 0, 0, 1, 1, 1, 1, 0, 6, 1, 1, 0, 1, 1, 4, 0, 0, 1, 6
3200, 0, 0, 0, 0, 0, 0, 0, 1, 1, 1, 1, 0, 0, 0, 4, 4, 0, 1, 6, 6, 1, 1, 0, 0, 0, 0, 0, 1, 1, 1, 1, 0, 6, 1, 1, 0, 1, 1, 4, 0, 0, 1, 6
3300, 0, 0, 0, 0, 0, 0, 0, 1, 1, 1, 1, 0, 0, 0, 4, 4, 0, 1, 6, 6, 1, 1, 0, 0, 0, 0, 0, 1, 1, 1, 1, 0, 6, 1, 1, 0, 1, 1, 4, 0, 0, 1, 6
3400, 0, 0, 0, 0, 0, 0, 0, 1, 1, 1, 1, 0, 0, 0, 4, 4, 0, 1, 6, 6, 1, 1, 0, 0, 0, 0, 0, 1, 1, 1, 1, 0, 6, 1, 1, 0, 1, 1, 4, 0, 0, 1, 6
3500, 0, 0, 0, 0, 0, 0, 0, 1, 1, 1, 1, 0, 0, 0, 4, 4, 0, 1, 6, 6, 1, 1, 0, 0, 0, 0, 0, 1, 1, 1, 1, 0, 6, 1, 1, 0, 1, 1, 4, 0, 0, 1, 6
3600, 0, 0, 0, 0, 0, 0, 0, 1, 1, 1, 1, 0, 0, 0, 4, 4, 0, 1, 6, 6, 1, 1, 0, 0, 0, 0, 0, 1, 1, 1, 1, 0, 6, 1, 1, 0, 1, 1, 4, 0, 0, 1, 6
3700, 0, 0, 0, 0, 0, 0, 0, 1, 1, 1, 1, 0, 0, 0, 4, 4, 0, 1, 6, 6, 1, 1, 0, 0, 0, 0, 0, 1, 1, 1, 1, 0, 6, 1, 1, 0, 1, 1, 4, 0, 0, 1, 6
3800, 0, 0, 0, 0, 0, 0, 0, 1, 1, 1, 1, 0, 0, 0, 4, 4, 0, 1, 6, 6, 1, 1, 0, 0, 0, 0, 0, 1, 1, 1, 1, 0, 6, 1, 1, 0, 1, 1, 4, 0, 0, 1, 6
3900, 0, 0, 0, 0, 0, 0, 0, 1, 1, 1, 1, 0, 0, 0, 4, 4, 0, 1, 6, 6, 1, 1, 0, 0, 0, 0, 0, 1, 1, 1, 1, 0, 6, 1, 1, 0, 1, 1, 4, 0, 0, 1, 6
4000, 0, 0, 0, 0, 0, 0, 0, 1, 1, 1, 1, 0, 0, 0, 4, 4, 0, 1, 6, 6, 1, 1, 0, 0, 0, 0, 0, 1, 1, 1, 1, 0, 6, 1, 1, 0, 1, 1, 4, 0, 0, 1, 6
4100, 0, 0, 0, 0, 0, 0, 0, 1, 1, 1, 1, 0, 0, 0, 4, 4, 0, 1, 6, 6, 1, 1, 0, 0, 0, 0, 0, 1, 1, 1, 1, 0, 6, 1, 1, 0, 1, 1, 4, 0, 0, 1, 6
4200, 0, 0, 0, 0, 0, 0, 0, 1, 1, 1, 1, 0, 0, 0, 4, 4, 0, 1, 6, 6, 1, 1, 0, 0, 0, 0, 0, 1, 1, 1, 1, 0, 6, 1, 1, 0, 1, 1, 4, 0, 0, 1, 6
4300, 0, 0, 0, 0, 0, 0, 0, 1, 1, 1, 1, 0, 0, 0, 4, 4, 0, 1, 6, 6, 1, 1, 0, 0, 0, 0, 0, 1, 1, 1, 1, 0, 6, 1, 1, 0, 1, 1, 4, 0, 0, 1, 6
4400, 0, 0, 0, 0, 0, 0, 0, 1, 1, 1, 1, 0, 0, 0, 4, 4, 0, 1, 6, 6, 1, 1, 0, 0, 0, 0, 0, 1, 1, 1, 1, 0, 6, 1, 1, 0, 1, 1, 4, 0, 0, 1, 6
4500, 0, 0, 0, 0, 0, 0, 0, 1, 1, 1, 1, 0, 0, 0, 4, 4, 0, 1, 6, 6, 1, 1, 0, 0, 0, 0, 0, 1, 1, 1, 1, 0, 6, 1, 1, 0, 1, 1, 4, 0, 0, 1, 6
4600, 0, 0, 0, 0, 0, 0, 0, 1, 1, 1, 1, 0, 0, 0, 4, 4, 0, 1, 6, 6, 1, 1, 0, 0, 0, 0, 0, 1, 1, 1, 1, 0, 6, 1, 1, 0, 1, 1, 4, 0, 0, 1, 6
4700, 0, 0, 0, 0, 0, 0, 0, 1, 1, 1, 1, 0, 0, 0, 4, 4, 0, 1, 6, 6, 1, 1, 0, 0, 0, 0, 0, 1, 1, 1, 1, 0, 6, 1, 1, 0, 1, 1, 4, 0, 0, 1, 6
4800, 0, 0, 0, 0, 0, 0, 0, 1, 1, 1, 1, 0, 0, 0, 4, 4, 0, 1, 6, 6, 1, 1, 0, 0, 0, 0, 0, 1, 1, 1, 1, 0, 6, 1, 1, 0, 1, 1, 4, 0, 0, 1, 6
4900, 0, 0, 0, 0, 0, 0, 0, 1, 1, 1, 1, 0, 0, 0, 4, 4, 0, 1, 6, 6, 1, 1, 0, 0, 0, 0, 0, 1, 1, 1, 1, 0, 6, 1, 1, 0, 1, 1, 4, 0, 0, 1, 6
5000, 0, 0, 0, 0, 0, 0, 0, 1, 1, 1, 1, 0, 0, 0, 4, 4, 0, 1, 6, 6, 1, 1, 0, 0, 0, 0, 0, 1, 1, 1, 1, 0, 6, 1, 1, 0, 1, 1, 4, 0, 0, 1, 6
5100, 0, 0, 0, 0, 0, 0, 0, 1, 1, 1, 1, 0, 0, 0, 4, 4, 0, 1, 6, 6, 1, 1, 0, 0, 0, 0, 0, 1, 1, 1, 1, 0, 6, 1, 1, 0, 1, 1, 4, 0, 0, 1, 6
5200, 0, 0, 0, 0, 0, 0, 0, 1, 1, 1, 1, 0, 0, 0, 4, 4, 0, 1, 6, 6, 1, 1, 0, 0, 0, 0, 0, 1, 1, 1, 1, 0, 6, 1, 1, 0, 1, 1, 4, 0, 0, 1, 6

