<CommandLineArguments>
ImbalancedDataset_FGBML.exe glass 1 IDFGBML_GM 20 17 5 n 
<HyperParameter>
NUM_MEMBERSHIP_FUNC = 15
POPULATION_SIZE = 100
NUM_ITERATION = 5000
PROB_CROSSOVER = 0.900000
PER_REPLACEMENT = 20
SEED = 1250
INTERVAL_GRAPH = 100
IS_SELECT_PARENTS_ONLY_FROM_WINNER_RULE = 0
NUM_TRIAL = 20

<RUNNING_SECOND>
503 [s]

<Evaluation>
PER MISS TRA:51.462
PER MISS TST:58.1395
LEN OF RULE:3.6
Confusion Matrix tra:
30, 2, 16, 0, 0, 0, 2
6, 10, 13, 0, 1, 0, 3
1, 0, 7, 0, 0, 0, 1
0, 0, 0, 0, 0, 0, 0
0, 1, 0, 0, 9, 0, 0
0, 0, 0, 0, 0, 5, 0
0, 1, 0, 0, 0, 0, 22
Confusion Matrix tst:
9, 0, 0, 0, 2, 0, 0
4, 1, 0, 0, 1, 2, 0
1, 0, 0, 0, 0, 0, 0
0, 0, 0, 0, 0, 0, 0
0, 1, 0, 0, 0, 0, 1
0, 0, 0, 0, 0, 2, 0
0, 0, 0, 0, 0, 0, 6

<BestRules> [att, class, weight]
c12357111, 0, 0.112407
0000000c0, 6, 1.000000
080001070, 6, 0.938127
d00000d00, 1, 1.000000
801227800, 4, 0.536514
350870800, 5, 0.481380
00020e000, 4, 1.000000
0501e0b01, 5, 1.000000
000008000, 6, 1.000000
000000050, 6, 0.487805
050504c10, 6, 1.000000
11ec52124, 1, 0.509541
e00000000, 1, 1.000000
000030d00, 1, 0.598383
000a00d00, 5, 0.200431

<Prediction> [generation][index_pattern]
Training:
true-label, 0, 0, 0, 0, 0, 0, 0, 0, 0, 0, 0, 0, 0, 0, 0, 0, 0, 0, 0, 0, 0, 0, 0, 0, 0, 0, 0, 0, 0, 1, 1, 1, 1, 1, 1, 1, 1, 1, 1, 1, 1, 1, 1, 1, 1, 1, 1, 1, 1, 1, 1, 1, 1, 1, 1, 1, 2, 2, 2, 2, 2, 4, 4, 4, 4, 4, 5, 5, 6, 6, 6, 6, 6, 6, 6, 6, 6, 6, 0, 0, 0, 0, 0, 0, 0, 0, 0, 0, 0, 0, 0, 0, 0, 0, 0, 0, 0, 0, 0, 0, 0, 0, 0, 0, 0, 1, 1, 1, 1, 1, 1, 1, 1, 1, 1, 1, 1, 1, 1, 1, 1, 1, 1, 1, 1, 1, 1, 1, 1, 1, 1, 1, 1, 1, 1, 1, 1, 1, 1, 2, 2, 2, 2, 2, 2, 2, 2, 4, 4, 4, 4, 4, 4, 5, 5, 5, 5, 5, 6, 6, 6, 6, 6, 6, 6, 6, 6, 6, 6, 6, 6
0, -1, 0, 0, -1, 0, 0, 0, 0, -1, -1, 0, 0, 0, 0, -1, 6, 0, 0, -1, 0, 1, 5, 5, 0, 6, 6, -1, -1, -1, 6, -1, -1, -1, -1, -1, -1, -1, -1, -1, -1, 5, 5, 5, 1, -1, -1, -1, 0, -1, -1, 5, 6, -1, -1, -1, 0, 0, -1, -1, -1, 5, 5, 5, 4, -1, 4, 6, 6, 1, 5, 6, 6, 6, 6, 6, 6, 6, 6, 0, -1, -1, 0, -1, 0, 0, 0, 0, 0, 0, 0, 6, 0, 6, 6, 0, -1, -1, 5, 5, -1, 0, -1, -1, -1, 1, -1, -1, -1, 6, 6, 6, -1, -1, -1, 5, 5, -1, 5, 5, 1, 1, 1, 1, 1, 1, -1, -1, -1, -1, -1, -1, 1, 0, -1, -1, 6, 6, 5, -1, -1, 6, -1, -1, -1, 5, 6, 6, 5, -1, 4, -1, 6, 0, 5, 5, 5, 5, 5, 6, 6, 6, 6, 6, 6, 6, 6, 6, -1, 6, 6, 6
100, -1, 0, 0, -1, 0, 0, 0, 0, -1, -1, 0, 0, 0, 0, -1, 6, 0, 0, -1, 0, 1, 5, 5, 0, 6, 6, -1, -1, -1, 6, -1, -1, -1, -1, -1, -1, -1, -1, -1, -1, 5, 5, 5, 1, -1, -1, -1, 0, -1, -1, 5, 6, -1, -1, -1, 0, 0, -1, -1, -1, 5, 5, 5, 4, -1, 4, 6, 6, 1, 5, 6, 6, 6, 6, 6, 6, 6, 6, 0, -1, -1, 0, -1, 0, 0, 0, 0, 0, 0, 0, 6, 0, 6, 6, 0, -1, -1, 5, 5, -1, 0, -1, -1, -1, 1, -1, -1, -1, 6, 6, 6, -1, -1, -1, 5, 5, -1, 5, 5, 1, 1, 1, 1, 1, 1, -1, -1, -1, -1, -1, -1, 1, 0, -1, -1, 6, 6, 5, -1, -1, 6, -1, -1, -1, 5, 6, 6, 5, -1, 4, -1, 6, 0, 5, 5, 5, 5, 5, 6, 6, 6, 6, 6, 6, 6, 6, 6, -1, 6, 6, 6
200, 4, 4, 4, 4, 4, 4, 4, 4, 4, 6, 4, 4, 4, 4, 4, 6, 4, 4, 4, 4, 1, 4, 4, 4, 6, -1, 4, 4, 4, 4, 4, 4, 4, 4, 4, 4, 4, 4, 4, 4, 4, 4, 6, 1, 4, 4, 4, 4, 4, 4, 4, 6, 4, 4, 4, 4, 4, 4, 4, 4, 4, 4, 4, 4, 4, 4, 6, -1, 1, 6, 6, 6, 6, 6, 6, 6, 6, 6, 4, 4, 4, 4, 4, 4, 4, 4, 4, 4, 4, 4, 6, 4, 6, 6, 4, 4, 4, 4, 4, 4, 4, 4, 4, 4, 1, 4, 4, 4, 4, 4, 4, 4, 4, 4, 4, 4, 4, 6, 4, 1, 1, 1, 1, 1, 1, 4, 4, 4, 4, 4, 4, 1, 4, 4, 4, 6, 6, 4, 4, 4, -1, 4, 4, 4, 4, 6, 4, 4, 4, 4, 4, 6, 4, -1, -1, -1, -1, -1, 6, 6, 6, 6, 6, 6, 6, 6, 6, 4, 6, 6, 6
300, -1, 0, 0, -1, 0, 4, 4, 4, -1, -1, 0, 4, 0, 4, -1, -1, 4, 0, -1, 0, 1, 0, 0, 4, 6, -1, -1, 2, 2, 2, -1, -1, -1, -1, -1, -1, 4, 4, -1, -1, 4, 4, 6, 1, 2, 2, -1, 0, -1, 4, 2, 6, -1, 2, 2, 4, 0, 2, 4, -1, -1, 4, 4, 4, -1, 4, 5, -1, 1, 5, 6, 6, 6, 6, 6, 6, 6, 6, 0, -1, 4, 0, 4, 4, 0, 4, 4, 4, 0, 4, 6, 4, 6, -1, 4, -1, -1, 2, 0, 2, 0, 2, 2, 2, 1, 2, -1, -1, 4, 4, -1, -1, -1, 4, -1, 4, 2, 6, 4, 1, 1, 1, 1, 1, 1, -1, -1, 2, -1, 4, -1, 1, 0, 4, -1, 6, 6, -1, 2, -1, -1, -1, -1, -1, 2, 6, 2, 4, 4, 4, -1, 6, 0, -1, -1, 5, 5, -1, 6, 6, 6, 6, 6, 6, 6, 6, 6, 4, 6, 6, 6
400, -1, 0, 0, -1, 0, 4, 4, 4, -1, -1, 0, 4, 0, 4, -1, -1, 4, 0, -1, 0, 1, 0, 0, 4, 6, -1, -1, 2, 2, 2, -1, -1, -1, -1, -1, -1, 4, 4, -1, -1, 4, 4, 6, 1, 2, 2, -1, 0, -1, 4, 2, 6, -1, 2, 2, 4, 0, 2, 4, -1, -1, 4, 4, 4, -1, 4, 5, -1, 1, 5, 6, 6, 6, 6, 6, 6, 6, 6, 0, -1, 4, 0, 4, 4, 0, 4, 4, 4, 0, 4, 6, 4, 6, -1, 4, -1, -1, 2, 0, 2, 0, 2, 2, 2, 1, 2, -1, -1, 4, 4, -1, -1, -1, 4, -1, 4, 2, 6, 4, 1, 1, 1, 1, 1, 1, -1, -1, 2, -1, 4, -1, 1, 0, 4, -1, 6, 6, -1, 2, -1, -1, -1, -1, -1, 2, 6, 2, 4, 4, 4, -1, 6, 0, -1, -1, 5, 5, -1, 6, 6, 6, 6, 6, 6, 6, 6, 6, 4, 6, 6, 6
500, -1, 0, 0, 2, 0, 0, 0, 0, 2, 2, 0, 0, 0, 0, -1, 2, 0, 0, 2, 0, 2, 0, 0, 0, 6, 2, 2, 2, 2, -1, -1, -1, -1, -1, -1, -1, -1, -1, -1, 2, 4, 0, 6, 1, 2, 2, 2, 0, -1, -1, -1, 6, 2, 2, 4, 0, 0, 2, -1, 2, 2, 0, 4, -1, -1, 4, 5, -1, 2, 5, 6, 6, 6, 6, 6, 6, 6, 6, 0, -1, 4, 0, -1, 0, 0, 0, 0, 0, 0, 0, 6, 0, 6, 2, 0, 2, 2, 2, 0, 4, 0, 2, 2, 2, 2, 4, -1, -1, -1, -1, -1, -1, -1, 2, -1, -1, 2, 6, 4, 1, -1, 1, 1, 1, 1, 2, -1, 4, -1, 2, -1, 1, 0, -1, -1, 6, 6, -1, 4, -1, 2, -1, -1, 2, 2, 6, 4, 4, -1, 4, -1, 4, 4, -1, -1, 5, 5, -1, 6, 6, 6, 6, 6, 6, 6, 6, 6, 6, 6, 6, 6
600, -1, 0, 0, 2, 0, 0, 0, 0, 2, 2, 0, 0, 0, 0, -1, 2, 0, 0, 2, 0, 2, 0, 0, 0, 6, 2, 2, 2, 2, -1, -1, -1, -1, -1, -1, -1, -1, -1, -1, 2, 4, 0, 6, 1, 2, 2, 2, 0, -1, -1, -1, 6, 2, 2, 4, 0, 0, 2, -1, 2, 2, 0, 4, -1, -1, 4, 5, -1, 2, 5, 6, 6, 6, 6, 6, 6, 6, 6, 0, -1, 4, 0, -1, 0, 0, 0, 0, 0, 0, 0, 6, 0, 6, 2, 0, 2, 2, 2, 0, 4, 0, 2, 2, 2, 2, 4, -1, -1, -1, -1, -1, -1, -1, 2, -1, -1, 2, 6, 4, 1, -1, 1, 1, 1, 1, 2, -1, 4, -1, 2, -1, 1, 0, -1, -1, 6, 6, -1, 4, -1, 2, -1, -1, 2, 2, 6, 4, 4, -1, 4, -1, 4, 4, -1, -1, 5, 5, -1, 6, 6, 6, 6, 6, 6, 6, 6, 6, 6, 6, 6, 6
700, -1, 0, 0, 2, 0, 0, 0, 0, 2, 2, 0, 0, 0, 0, -1, 2, 0, 0, 2, 0, 2, 0, 0, 0, 6, 2, 2, 2, 2, -1, -1, -1, -1, -1, -1, -1, -1, -1, -1, 2, 4, 0, 6, 1, 2, 2, 2, 0, -1, -1, -1, 6, 2, 2, 4, 0, 0, 2, -1, 2, 2, 0, 4, -1, -1, 4, 5, -1, 2, 5, 6, 6, 6, 6, 6, 6, 6, 6, 0, -1, 4, 0, -1, 0, 0, 0, 0, 0, 0, 0, 6, 0, 6, 2, 0, 2, 2, 2, 0, 4, 0, 2, 2, 2, 2, 4, -1, -1, -1, -1, -1, -1, -1, 2, -1, -1, 2, 6, 4, 1, -1, 1, 1, 1, 1, 2, -1, 4, -1, 2, -1, 1, 0, -1, -1, 6, 6, -1, 4, -1, 2, -1, -1, 2, 2, 6, 4, 4, -1, 4, -1, 4, 4, -1, -1, 5, 5, -1, 6, 6, 6, 6, 6, 6, 6, 6, 6, 6, 6, 6, 6
800, -1, 0, 0, 2, 0, 0, 0, 0, 2, 2, 0, 0, 0, 0, -1, 2, 0, 0, 2, 0, 2, 0, 0, 0, 6, 2, 2, 2, 2, -1, -1, -1, -1, -1, -1, -1, -1, -1, -1, 2, 4, 0, 6, 1, 2, 2, 2, 0, -1, -1, -1, 6, 2, 2, 4, 0, 0, 2, -1, 2, 2, 0, 4, -1, -1, 4, 5, -1, 2, 5, 6, 6, 6, 6, 6, 6, 6, 6, 0, -1, 4, 0, -1, 0, 0, 0, 0, 0, 0, 0, 6, 0, 6, 2, 0, 2, 2, 2, 0, 4, 0, 2, 2, 2, 2, 4, -1, -1, -1, -1, -1, -1, -1, 2, -1, -1, 2, 6, 4, 1, -1, 1, 1, 1, 1, 2, -1, 4, -1, 2, -1, 1, 0, -1, -1, 6, 6, -1, 4, -1, 2, -1, -1, 2, 2, 6, 4, 4, -1, 4, -1, 4, 4, -1, -1, 5, 5, -1, 6, 6, 6, 6, 6, 6, 6, 6, 6, 6, 6, 6, 6
900, -1, 0, 0, 2, 0, 0, 0, 0, 2, 2, 0, 0, 0, 0, -1, 2, 0, 0, 2, 0, 2, 0, 0, 0, 6, 2, 2, 2, 2, -1, -1, -1, -1, -1, -1, -1, -1, -1, -1, 2, 4, 0, 6, 1, 2, 2, 2, 0, -1, -1, -1, 6, 2, 2, 4, 0, 0, 2, -1, 2, 2, 0, 4, -1, -1, 4, 5, -1, 2, 5, 6, 6, 6, 6, 6, 6, 6, 6, 0, -1, 4, 0, -1, 0, 0, 0, 0, 0, 0, 0, 6, 0, 6, 2, 0, 2, 2, 2, 0, 4, 0, 2, 2, 2, 2, 4, -1, -1, -1, -1, -1, -1, -1, 2, -1, -1, 2, 6, 4, 1, -1, 1, 1, 1, 1, 2, -1, 4, -1, 2, -1, 1, 0, -1, -1, 6, 6, -1, 4, -1, 2, -1, -1, 2, 2, 6, 4, 4, -1, 4, -1, 4, 4, -1, -1, 5, 5, -1, 6, 6, 6, 6, 6, 6, 6, 6, 6, 6, 6, 6, 6
1000, -1, 0, 0, 2, 0, 0, 0, 0, 2, 2, 0, 0, 0, 0, -1, 2, 0, 0, 2, 0, 2, 0, 0, 0, 6, 2, 2, 2, 2, -1, -1, -1, -1, -1, -1, -1, -1, -1, -1, 2, 4, 0, 6, 1, 2, 2, 2, 0, -1, -1, -1, 6, 2, 2, 4, 0, 0, 2, -1, 2, 2, 0, 4, -1, -1, 4, 5, -1, 2, 5, 6, 6, 6, 6, 6, 6, 6, 6, 0, -1, 4, 0, -1, 0, 0, 0, 0, 0, 0, 0, 6, 0, 6, 2, 0, 2, 2, 2, 0, 4, 0, 2, 2, 2, 2, 4, -1, -1, -1, -1, -1, -1, -1, 2, -1, -1, 2, 6, 4, 1, -1, 1, 1, 1, 1, 2, -1, 4, -1, 2, -1, 1, 0, -1, -1, 6, 6, -1, 4, -1, 2, -1, -1, 2, 2, 6, 4, 4, -1, 4, -1, 4, 4, -1, -1, 5, 5, -1, 6, 6, 6, 6, 6, 6, 6, 6, 6, 6, 6, 6, 6
1100, -1, 0, 0, 2, 0, 0, 0, 0, 2, 2, 0, 0, 0, 0, -1, 2, 0, 0, 2, 0, 2, 0, 0, 0, 6, 2, 2, 2, 2, -1, -1, -1, -1, -1, -1, -1, -1, -1, -1, 2, 4, 0, 6, 1, 2, 2, 2, 0, -1, -1, -1, 6, 2, 2, 4, 0, 0, 2, -1, 2, 2, 0, 4, -1, -1, 4, 5, -1, 2, 5, 6, 6, 6, 6, 6, 6, 6, 6, 0, -1, 4, 0, -1, 0, 0, 0, 0, 0, 0, 0, 6, 0, 6, 2, 0, 2, 2, 2, 0, 4, 0, 2, 2, 2, 2, 4, -1, -1, -1, -1, -1, -1, -1, 2, -1, -1, 2, 6, 4, 1, -1, 1, 1, 1, 1, 2, -1, 4, -1, 2, -1, 1, 0, -1, -1, 6, 6, -1, 4, -1, 2, -1, -1, 2, 2, 6, 4, 4, -1, 4, -1, 4, 4, -1, -1, 5, 5, -1, 6, 6, 6, 6, 6, 6, 6, 6, 6, 6, 6, 6, 6
1200, -1, 0, 0, 2, 0, 0, 0, 0, 2, 2, 0, 0, 0, 0, -1, 2, 0, 0, 2, 0, 2, 0, 0, 0, 6, 2, 2, 2, 2, -1, -1, -1, -1, -1, -1, -1, -1, -1, -1, 2, 4, 0, 6, 1, 2, 2, 2, 0, -1, -1, -1, 6, 2, 2, 4, 0, 0, 2, -1, 2, 2, 0, 4, -1, -1, 4, 5, -1, 2, 5, 6, 6, 6, 6, 6, 6, 6, 6, 0, -1, 4, 0, -1, 0, 0, 0, 0, 0, 0, 0, 6, 0, 6, 2, 0, 2, 2, 2, 0, 4, 0, 2, 2, 2, 2, 4, -1, -1, -1, -1, -1, -1, -1, 2, -1, -1, 2, 6, 4, 1, -1, 1, 1, 1, 1, 2, -1, 4, -1, 2, -1, 1, 0, -1, -1, 6, 6, -1, 4, -1, 2, -1, -1, 2, 2, 6, 4, 4, -1, 4, -1, 4, 4, -1, -1, 5, 5, -1, 6, 6, 6, 6, 6, 6, 6, 6, 6, 6, 6, 6, 6
1300, -1, 0, 0, 2, 0, 0, 0, 0, 2, 2, 0, 0, 0, 0, -1, 2, 0, 0, 2, 0, 2, 0, 0, 0, 6, 2, 2, 2, 2, -1, -1, -1, -1, -1, -1, -1, -1, -1, -1, 2, 4, 0, 6, 1, 2, 2, 2, 0, -1, -1, -1, 6, 2, 2, 4, 0, 0, 2, -1, 2, 2, 0, 4, -1, -1, 4, 5, -1, 2, 5, 6, 6, 6, 6, 6, 6, 6, 6, 0, -1, 4, 0, -1, 0, 0, 0, 0, 0, 0, 0, 6, 0, 6, 2, 0, 2, 2, 2, 0, 4, 0, 2, 2, 2, 2, 4, -1, -1, -1, -1, -1, -1, -1, 2, -1, -1, 2, 6, 4, 1, -1, 1, 1, 1, 1, 2, -1, 4, -1, 2, -1, 1, 0, -1, -1, 6, 6, -1, 4, -1, 2, -1, -1, 2, 2, 6, 4, 4, -1, 4, -1, 4, 4, -1, -1, 5, 5, -1, 6, 6, 6, 6, 6, 6, 6, 6, 6, 6, 6, 6, 6
1400, -1, 0, 0, 2, 0, 0, 0, 0, 2, 2, 0, 0, 0, 0, -1, 2, 0, 0, 2, 0, 2, 0, 0, 0, 6, 2, 2, 2, 2, -1, -1, -1, -1, -1, -1, -1, -1, -1, -1, 2, 4, 0, 6, 1, 2, 2, 2, 0, -1, -1, -1, 6, 2, 2, 4, 0, 0, 2, -1, 2, 2, 0, 4, -1, -1, 4, 5, -1, 2, 5, 6, 6, 6, 6, 6, 6, 6, 6, 0, -1, 4, 0, -1, 0, 0, 0, 0, 0, 0, 0, 6, 0, 6, 2, 0, 2, 2, 2, 0, 4, 0, 2, 2, 2, 2, 4, -1, -1, -1, -1, -1, -1, -1, 2, -1, -1, 2, 6, 4, 1, -1, 1, 1, 1, 1, 2, -1, 4, -1, 2, -1, 1, 0, -1, -1, 6, 6, -1, 4, -1, 2, -1, -1, 2, 2, 6, 4, 4, -1, 4, -1, 4, 4, -1, -1, 5, 5, -1, 6, 6, 6, 6, 6, 6, 6, 6, 6, 6, 6, 6, 6
1500, -1, 0, 0, 2, 0, 0, 0, 0, 2, 2, 0, 0, 0, 0, -1, 2, 0, 0, 2, 0, 2, 0, 0, 0, 6, 2, 2, 2, 2, -1, -1, -1, -1, -1, -1, -1, -1, -1, -1, 2, 4, 0, 6, 1, 2, 2, 2, 0, -1, -1, -1, 6, 2, 2, 4, 0, 0, 2, -1, 2, 2, 0, 4, -1, -1, 4, 5, -1, 2, 5, 6, 6, 6, 6, 6, 6, 6, 6, 0, -1, 4, 0, -1, 0, 0, 0, 0, 0, 0, 0, 6, 0, 6, 2, 0, 2, 2, 2, 0, 4, 0, 2, 2, 2, 2, 4, -1, -1, -1, -1, -1, -1, -1, 2, -1, -1, 2, 6, 4, 1, -1, 1, 1, 1, 1, 2, -1, 4, -1, 2, -1, 1, 0, -1, -1, 6, 6, -1, 4, -1, 2, -1, -1, 2, 2, 6, 4, 4, -1, 4, -1, 4, 4, -1, -1, 5, 5, -1, 6, 6, 6, 6, 6, 6, 6, 6, 6, 6, 6, 6, 6
1600, -1, 0, 0, 2, 0, 0, 0, 0, 2, 2, 0, 0, 0, 0, -1, 2, 0, 0, 2, 0, 2, 0, 0, 0, 6, 2, 2, 2, 2, -1, -1, -1, -1, -1, -1, -1, -1, -1, -1, 2, 4, 0, 6, 1, 2, 2, 2, 0, -1, -1, -1, 6, 2, 2, 4, 0, 0, 2, -1, 2, 2, 0, 4, -1, -1, 4, 5, -1, 2, 5, 6, 6, 6, 6, 6, 6, 6, 6, 0, -1, 4, 0, -1, 0, 0, 0, 0, 0, 0, 0, 6, 0, 6, 2, 0, 2, 2, 2, 0, 4, 0, 2, 2, 2, 2, 4, -1, -1, -1, -1, -1, -1, -1, 2, -1, -1, 2, 6, 4, 1, -1, 1, 1, 1, 1, 2, -1, 4, -1, 2, -1, 1, 0, -1, -1, 6, 6, -1, 4, -1, 2, -1, -1, 2, 2, 6, 4, 4, -1, 4, -1, 4, 4, -1, -1, 5, 5, -1, 6, 6, 6, 6, 6, 6, 6, 6, 6, 6, 6, 6, 6
1700, -1, 0, 0, 2, 0, 0, 0, 0, 2, 2, 0, 0, 0, 0, -1, 2, 0, 0, 2, 0, 2, 0, 0, 0, 6, 2, 2, 2, 2, -1, -1, -1, -1, -1, -1, -1, -1, -1, -1, 2, 4, 0, 6, 1, 2, 2, 2, 0, -1, -1, -1, 6, 2, 2, 4, 0, 0, 2, -1, 2, 2, 0, 4, -1, -1, 4, 5, -1, 2, 5, 6, 6, 6, 6, 6, 6, 6, 6, 0, -1, 4, 0, -1, 0, 0, 0, 0, 0, 0, 0, 6, 0, 6, 2, 0, 2, 2, 2, 0, 4, 0, 2, 2, 2, 2, 4, -1, -1, -1, -1, -1, -1, -1, 2, -1, -1, 2, 6, 4, 1, -1, 1, 1, 1, 1, 2, -1, 4, -1, 2, -1, 1, 0, -1, -1, 6, 6, -1, 4, -1, 2, -1, -1, 2, 2, 6, 4, 4, -1, 4, -1, 4, 4, -1, -1, 5, 5, -1, 6, 6, 6, 6, 6, 6, 6, 6, 6, 6, 6, 6, 6
1800, -1, 0, 0, 2, 0, 0, 0, 0, 2, 2, 0, 0, 0, 0, -1, 2, 0, 0, 2, 0, 2, 0, 0, 0, 6, 2, 2, 2, 2, -1, -1, -1, -1, -1, -1, -1, -1, -1, -1, 2, 4, 0, 6, 1, 2, 2, 2, 0, -1, -1, -1, 6, 2, 2, 4, 0, 0, 2, -1, 2, 2, 0, 4, -1, -1, 4, 5, -1, 2, 5, 6, 6, 6, 6, 6, 6, 6, 6, 0, -1, 4, 0, -1, 0, 0, 0, 0, 0, 0, 0, 6, 0, 6, 2, 0, 2, 2, 2, 0, 4, 0, 2, 2, 2, 2, 4, -1, -1, -1, -1, -1, -1, -1, 2, -1, -1, 2, 6, 4, 1, -1, 1, 1, 1, 1, 2, -1, 4, -1, 2, -1, 1, 0, -1, -1, 6, 6, -1, 4, -1, 2, -1, -1, 2, 2, 6, 4, 4, -1, 4, -1, 4, 4, -1, -1, 5, 5, -1, 6, 6, 6, 6, 6, 6, 6, 6, 6, 6, 6, 6, 6
1900, -1, 0, 0, 2, 0, 0, 0, 0, 2, -1, 0, 0, 0, 0, -1, 2, 0, 0, 2, 0, 2, 0, 0, 0, 6, 2, 2, 2, 2, -1, -1, -1, -1, -1, -1, -1, -1, -1, -1, 2, 0, 0, 6, 1, 2, 2, 2, 0, -1, -1, 4, 6, 2, 2, 2, 0, 0, 2, -1, 2, 2, 4, 4, 4, 4, 4, 5, -1, 2, 6, 6, 6, 6, 6, 6, 6, 6, 6, 0, -1, -1, 0, -1, 0, 0, 0, 0, 0, 0, 0, 0, 0, 6, 2, 0, 2, 2, 2, 0, -1, 0, 2, 2, 2, 2, 2, -1, -1, -1, -1, -1, -1, -1, 2, -1, -1, 2, -1, 0, 1, 4, 1, 1, 1, 1, 2, -1, -1, -1, 2, 1, 1, 0, -1, -1, 6, 1, -1, 2, -1, 2, -1, -1, 2, 2, 6, 2, 4, -1, 4, 1, 4, 4, -1, -1, 5, 5, -1, 6, 6, 6, 6, 6, 6, 6, 6, 6, 6, 6, 6, 6
2000, -1, 0, 0, 2, 0, 0, 0, 0, 2, -1, 0, 0, 0, 0, -1, 2, 0, 0, 2, 0, 2, 0, 0, 0, 6, 2, 2, 2, 2, -1, -1, -1, -1, -1, -1, -1, -1, -1, -1, 2, 0, 0, 6, 1, 2, 2, 2, 0, -1, -1, 4, 6, 2, 2, 2, 0, 0, 2, -1, 2, 2, 4, 4, 4, 4, 4, 5, -1, 2, 6, 6, 6, 6, 6, 6, 6, 6, 6, 0, -1, -1, 0, -1, 0, 0, 0, 0, 0, 0, 0, 0, 0, 6, 2, 0, 2, 2, 2, 0, -1, 0, 2, 2, 2, 2, 2, -1, -1, -1, -1, -1, -1, -1, 2, -1, -1, 2, -1, 0, 1, 4, 1, 1, 1, 1, 2, -1, -1, -1, 2, 1, 1, 0, -1, -1, 6, 1, -1, 2, -1, 2, -1, -1, 2, 2, 6, 2, 4, -1, 4, 1, 4, 4, -1, -1, 5, 5, -1, 6, 6, 6, 6, 6, 6, 6, 6, 6, 6, 6, 6, 6
2100, -1, 0, 0, 2, 0, 0, 0, 0, 2, -1, 0, 0, 0, 0, -1, 2, 0, 0, 2, 0, 2, 0, 0, 0, 6, 2, 2, 2, 2, -1, -1, -1, -1, -1, -1, -1, -1, -1, -1, 2, 0, 0, 6, 1, 2, 2, 2, 0, -1, -1, 4, 6, 2, 2, 2, 0, 0, 2, -1, 2, 2, 4, 4, 4, 4, 4, 5, -1, 2, 6, 6, 6, 6, 6, 6, 6, 6, 6, 0, -1, -1, 0, -1, 0, 0, 0, 0, 0, 0, 0, 0, 0, 6, 2, 0, 2, 2, 2, 0, -1, 0, 2, 2, 2, 2, 2, -1, -1, -1, -1, -1, -1, -1, 2, -1, -1, 2, -1, 0, 1, 4, 1, 1, 1, 1, 2, -1, -1, -1, 2, 1, 1, 0, -1, -1, 6, 1, -1, 2, -1, 2, -1, -1, 2, 2, 6, 2, 4, -1, 4, 1, 4, 4, -1, -1, 5, 5, -1, 6, 6, 6, 6, 6, 6, 6, 6, 6, 6, 6, 6, 6
2200, -1, 0, 0, 2, 0, 0, 0, 0, 2, -1, 0, 0, 0, 0, -1, 2, 0, 0, 2, 0, 2, 0, 0, 0, 6, 2, 2, 2, 2, -1, -1, -1, -1, -1, -1, -1, -1, -1, -1, 2, 0, 0, 6, 1, 2, 2, 2, 0, -1, -1, 4, 6, 2, 2, 2, 0, 0, 2, -1, 2, 2, 4, 4, 4, 4, 4, 5, -1, 2, 6, 6, 6, 6, 6, 6, 6, 6, 6, 0, -1, -1, 0, -1, 0, 0, 0, 0, 0, 0, 0, 0, 0, 6, 2, 0, 2, 2, 2, 0, -1, 0, 2, 2, 2, 2, 2, -1, -1, -1, -1, -1, -1, -1, 2, -1, -1, 2, -1, 0, 1, 4, 1, 1, 1, 1, 2, -1, -1, -1, 2, 1, 1, 0, -1, -1, 6, 1, -1, 2, -1, 2, -1, -1, 2, 2, 6, 2, 4, -1, 4, 1, 4, 4, -1, -1, 5, 5, -1, 6, 6, 6, 6, 6, 6, 6, 6, 6, 6, 6, 6, 6
2300, -1, 0, 0, 2, 0, 0, 0, 0, 2, -1, 0, 0, 0, 0, -1, 2, 0, 0, 2, 0, 2, 0, 0, 0, 6, 2, 2, 2, 2, -1, -1, -1, -1, -1, -1, -1, -1, -1, -1, 2, 0, 0, 6, 1, 2, 2, 2, 0, -1, -1, 4, 6, 2, 2, 2, 0, 0, 2, -1, 2, 2, 4, 4, 4, 4, 4, 5, -1, 2, 6, 6, 6, 6, 6, 6, 6, 6, 6, 0, -1, -1, 0, -1, 0, 0, 0, 0, 0, 0, 0, 0, 0, 6, 2, 0, 2, 2, 2, 0, -1, 0, 2, 2, 2, 2, 2, -1, -1, -1, -1, -1, -1, -1, 2, -1, -1, 2, -1, 0, 1, 4, 1, 1, 1, 1, 2, -1, -1, -1, 2, 1, 1, 0, -1, -1, 6, 1, -1, 2, -1, 2, -1, -1, 2, 2, 6, 2, 4, -1, 4, 1, 4, 4, -1, -1, 5, 5, -1, 6, 6, 6, 6, 6, 6, 6, 6, 6, 6, 6, 6, 6
2400, -1, 0, 0, 2, 0, 0, 0, 0, 2, 2, 0, 0, 0, 0, -1, 2, 0, 0, 2, 0, 2, 0, 0, 0, 6, 2, 2, 2, 2, -1, -1, -1, -1, -1, -1, -1, -1, -1, -1, 2, 0, 0, 6, 1, 2, 2, 2, 0, 2, -1, 4, 6, 2, 2, 2, 0, 0, -1, -1, 2, 2, 4, 4, 4, 4, 4, 5, -1, 2, 6, 6, 6, 6, 6, 6, 6, 6, 6, 0, -1, -1, 0, -1, 0, 0, 0, 0, 0, 0, 0, 0, 0, 6, 2, 0, 2, 2, 2, 0, -1, 0, 2, 2, 2, 2, 2, -1, -1, -1, -1, -1, -1, -1, 2, -1, -1, 2, -1, 0, 1, 4, 1, 1, 1, 1, 2, 2, -1, -1, 2, 1, 1, 0, -1, 2, 6, 1, -1, 2, -1, 2, -1, -1, 2, 2, 6, 2, 4, -1, 4, 1, 4, 4, -1, -1, 5, 5, 5, 6, 6, 6, 6, 6, 6, 6, 6, 6, 6, 6, 6, 6
2500, -1, 0, 0, 2, 0, 0, 0, 0, 2, 2, 0, 0, 0, 0, -1, 2, 0, 0, 2, 0, 1, 0, 0, 0, 6, 2, 2, 2, 2, -1, -1, -1, -1, -1, -1, -1, -1, -1, -1, 2, 0, 0, 6, 1, 2, 2, 2, 0, -1, -1, 4, 6, 2, 2, 2, 0, 0, 2, -1, 2, 2, 4, 4, 4, 4, 4, 5, 5, 1, 6, 6, 6, 6, 6, 6, 6, 6, 6, 0, -1, -1, 0, -1, 0, 0, 0, 0, 0, 0, 0, 0, 0, 6, 2, 0, 2, 2, 2, 0, -1, 0, 2, 2, 2, 1, 2, -1, -1, -1, -1, -1, -1, -1, 2, -1, -1, 2, -1, 0, 1, 1, 1, 1, 1, 1, 2, -1, -1, -1, 2, 1, 1, 0, -1, -1, 6, 1, -1, 2, -1, 2, -1, -1, 2, 2, 6, 2, 4, -1, 4, 1, 4, 4, -1, -1, 5, 5, 5, 6, 6, 6, 6, 6, 6, 6, 6, 6, 6, 6, 6, 6
2600, -1, 0, 0, 2, 0, 0, 0, 0, 2, 2, 0, 0, 0, 0, -1, 2, 0, 0, 2, 0, 1, 0, 0, 0, 6, 2, 2, 2, 2, -1, -1, -1, -1, -1, -1, -1, -1, -1, -1, 2, 0, 0, 6, 1, 2, 2, 2, 0, -1, -1, 4, 6, 2, 2, 2, 0, 0, 2, -1, 2, 2, 4, 4, 4, 4, 4, 5, 5, 1, 6, 6, 6, 6, 6, 6, 6, 6, 6, 0, -1, -1, 0, -1, 0, 0, 0, 0, 0, 0, 0, 0, 0, 6, 2, 0, 2, 2, 2, 0, -1, 0, 2, 2, 2, 1, 2, -1, -1, -1, -1, -1, -1, -1, 2, -1, -1, 2, -1, 0, 1, 1, 1, 1, 1, 1, 2, -1, -1, -1, 2, 1, 1, 0, -1, -1, 6, 1, -1, 2, -1, 2, -1, -1, 2, 2, 6, 2, 4, -1, 4, 1, 4, 4, -1, -1, 5, 5, 5, 6, 6, 6, 6, 6, 6, 6, 6, 6, 6, 6, 6, 6
2700, -1, 0, 0, 2, 0, 0, 0, 0, 2, 2, 0, 0, 0, 0, -1, 2, 0, 0, 2, 0, 1, 0, 0, 0, 6, 2, 2, 2, 2, -1, -1, -1, -1, -1, -1, -1, -1, -1, -1, 2, 0, 0, 6, 1, 2, 2, 2, 0, -1, -1, 4, 6, 2, 2, 2, 0, 0, 2, -1, 2, 2, 4, 4, 4, 4, 4, 5, 5, 1, 6, 6, 6, 6, 6, 6, 6, 6, 6, 0, -1, -1, 0, -1, 0, 0, 0, 0, 0, 0, 0, 0, 0, 6, 2, 0, 2, 2, 2, 0, -1, 0, 2, 2, 2, 1, 2, -1, -1, -1, -1, -1, -1, -1, 2, -1, -1, 2, -1, 0, 1, 1, 1, 1, 1, 1, 2, -1, -1, -1, 2, 1, 1, 0, -1, -1, 6, 1, -1, 2, -1, 2, -1, -1, 2, 2, 6, 2, 4, -1, 4, 1, 4, 4, -1, -1, 5, 5, 5, 6, 6, 6, 6, 6, 6, 6, 6, 6, 6, 6, 6, 6
2800, -1, 0, 0, 2, 0, 0, 0, 0, 2, 2, 0, 0, 0, 0, -1, 2, 0, 0, 2, 0, 1, 0, 0, 0, 6, 2, 2, 2, 2, -1, -1, -1, -1, -1, -1, -1, -1, -1, -1, 2, 0, 0, 6, 1, 2, 2, 2, 0, -1, -1, 4, 6, 2, 2, 2, 0, 0, 2, -1, 2, 2, 4, 4, 4, 4, 4, 5, 5, 1, 6, 6, 6, 6, 6, 6, 6, 6, 6, 0, -1, -1, 0, -1, 0, 0, 0, 0, 0, 0, 0, 0, 0, 6, 2, 0, 2, 2, 2, 0, -1, 0, 2, 2, 2, 1, 2, -1, -1, -1, -1, -1, -1, -1, 2, -1, -1, 2, -1, 0, 1, 1, 1, 1, 1, 1, 2, -1, -1, -1, 2, 1, 1, 0, -1, -1, 6, 1, -1, 2, -1, 2, -1, -1, 2, 2, 6, 2, 4, -1, 4, 1, 4, 4, -1, -1, 5, 5, 5, 6, 6, 6, 6, 6, 6, 6, 6, 6, 6, 6, 6, 6
2900, -1, 0, 0, 2, 0, 0, 0, 0, 2, 2, 0, 0, 0, 0, -1, 2, 0, 0, 2, 0, 1, 0, 0, 0, 6, 2, 2, 2, 2, -1, -1, -1, -1, -1, -1, -1, -1, -1, -1, 2, 0, 0, 6, 1, 2, 2, 2, 0, -1, -1, 4, 6, 2, 2, 2, 0, 0, 2, -1, 2, 2, 4, 4, 4, 4, 4, 5, 5, 1, 6, 6, 6, 6, 6, 6, 6, 6, 6, 0, -1, -1, 0, -1, 0, 0, 0, 0, 0, 0, 0, 0, 0, 6, 2, 0, 2, 2, 2, 0, -1, 0, 2, 2, 2, 1, 2, -1, -1, -1, -1, -1, -1, -1, 2, -1, -1, 2, -1, 0, 1, 1, 1, 1, 1, 1, 2, -1, -1, -1, 2, 1, 1, 0, -1, -1, 6, 1, -1, 2, -1, 2, -1, -1, 2, 2, 6, 2, 4, -1, 4, 1, 4, 4, -1, -1, 5, 5, 5, 6, 6, 6, 6, 6, 6, 6, 6, 6, 6, 6, 6, 6
3000, -1, 0, 0, 2, 0, 0, 0, 0, 2, 2, 0, 0, 0, 0, -1, 2, 0, 0, 2, 0, 1, 0, 0, 0, 6, 2, 2, 2, 2, -1, -1, -1, -1, -1, -1, -1, -1, -1, -1, 2, 0, 0, 6, 1, 2, 2, 2, 0, -1, -1, 4, 6, 2, 2, 2, 0, 0, 2, -1, 2, 2, 4, 4, 4, 4, 4, 5, 5, 1, 6, 6, 6, 6, 6, 6, 6, 6, 6, 0, -1, -1, 0, -1, 0, 0, 0, 0, 0, 0, 0, 0, 0, 6, 2, 0, 2, 2, 2, 0, -1, 0, 2, 2, 2, 1, 2, -1, -1, -1, -1, -1, -1, -1, 2, -1, -1, 2, -1, 0, 1, 1, 1, 1, 1, 1, 2, -1, -1, -1, 2, 1, 1, 0, -1, -1, 6, 1, -1, 2, -1, 2, -1, -1, 2, 2, 6, 2, 4, -1, 4, 1, 4, 4, -1, -1, 5, 5, 5, 6, 6, 6, 6, 6, 6, 6, 6, 6, 6, 6, 6, 6
3100, -1, 0, 0, 2, 0, 0, 0, 0, 2, 2, 0, 0, 0, 0, -1, 2, 0, 0, 2, 0, 1, 0, 0, 0, 6, 2, 2, 2, 2, -1, -1, -1, -1, -1, -1, -1, -1, -1, -1, 2, 0, 0, 6, 1, 2, 2, 2, 0, -1, -1, 4, 6, 2, 2, 2, 0, 0, 2, -1, 2, 2, 4, 4, 4, 4, 4, 5, 5, 1, 6, 6, 6, 6, 6, 6, 6, 6, 6, 0, -1, -1, 0, -1, 0, 0, 0, 0, 0, 0, 0, 0, 0, 6, 2, 0, 2, 2, 2, 0, -1, 0, 2, 2, 2, 1, 2, -1, -1, -1, -1, -1, -1, -1, 2, -1, -1, 2, -1, 0, 1, 1, 1, 1, 1, 1, 2, -1, -1, -1, 2, 1, 1, 0, -1, -1, 6, 1, -1, 2, -1, 2, -1, -1, 2, 2, 6, 2, 4, -1, 4, 1, 4, 4, -1, -1, 5, 5, 5, 6, 6, 6, 6, 6, 6, 6, 6, 6, 6, 6, 6, 6
3200, -1, 0, 0, 2, 0, 0, 0, 0, 2, 2, 0, 0, 0, 0, -1, 2, 0, 0, 2, 0, 1, 0, 0, 0, 6, 2, 2, 2, 2, -1, -1, -1, -1, -1, -1, -1, -1, -1, -1, 2, 0, 0, 6, 1, 2, 2, 2, 0, -1, -1, 4, 6, 2, 2, 2, 0, 0, 2, -1, 2, 2, 4, 4, 4, 4, 4, 5, 5, 1, 6, 6, 6, 6, 6, 6, 6, 6, 6, 0, -1, -1, 0, -1, 0, 0, 0, 0, 0, 0, 0, 0, 0, 6, 2, 0, 2, 2, 2, 0, -1, 0, 2, 2, 2, 1, 2, -1, -1, -1, -1, -1, -1, -1, 2, -1, -1, 2, -1, 0, 1, 1, 1, 1, 1, 1, 2, -1, -1, -1, 2, 1, 1, 0, -1, -1, 6, 1, -1, 2, -1, 2, -1, -1, 2, 2, 6, 2, 4, -1, 4, 1, 4, 4, -1, -1, 5, 5, 5, 6, 6, 6, 6, 6, 6, 6, 6, 6, 6, 6, 6, 6
3300, -1, 0, 0, 2, 0, 0, 0, 0, 2, 2, 0, 0, 0, 0, -1, 2, 0, 0, 2, 0, 1, 0, 0, 0, 6, 2, 2, 2, 2, -1, -1, -1, -1, -1, -1, -1, -1, -1, -1, 2, 0, 0, 6, 1, 2, 2, 2, 0, -1, -1, 4, 6, 2, 2, 2, 0, 0, 2, -1, 2, 2, 4, 4, 4, 4, 4, 5, 5, 1, 6, 6, 6, 6, 6, 6, 6, 6, 6, 0, -1, -1, 0, -1, 0, 0, 0, 0, 0, 0, 0, 0, 0, 6, 2, 0, 2, 2, 2, 0, -1, 0, 2, 2, 2, 1, 2, -1, -1, -1, -1, -1, -1, -1, 2, -1, -1, 2, -1, 0, 1, 1, 1, 1, 1, 1, 2, -1, -1, -1, 2, 1, 1, 0, -1, -1, 6, 1, -1, 2, -1, 2, -1, -1, 2, 2, 6, 2, 4, -1, 4, 1, 4, 4, -1, -1, 5, 5, 5, 6, 6, 6, 6, 6, 6, 6, 6, 6, 6, 6, 6, 6
3400, -1, 0, 0, 2, 0, 0, 0, 0, 2, 2, 0, 0, 0, 0, -1, 2, 0, 0, 2, 0, 1, 0, 0, 0, 6, 2, 2, 2, 2, -1, -1, -1, -1, -1, -1, -1, -1, -1, -1, 2, 0, 0, 6, 1, 2, 2, 2, 0, -1, -1, 4, 6, 2, 2, 2, 0, 0, 2, -1, 2, 2, 4, 4, 4, 4, 4, 5, 5, 1, 6, 6, 6, 6, 6, 6, 6, 6, 6, 0, -1, -1, 0, -1, 0, 0, 0, 0, 0, 0, 0, 0, 0, 6, 2, 0, 2, 2, 2, 0, -1, 0, 2, 2, 2, 1, 2, -1, -1, -1, -1, -1, -1, -1, 2, -1, -1, 2, -1, 0, 1, 1, 1, 1, 1, 1, 2, -1, -1, -1, 2, 1, 1, 0, -1, -1, 6, 1, -1, 2, -1, 2, -1, -1, 2, 2, 6, 2, 4, -1, 4, 1, 4, 4, -1, -1, 5, 5, 5, 6, 6, 6, 6, 6, 6, 6, 6, 6, 6, 6, 6, 6
3500, -1, 0, 0, 2, 0, 0, 0, 0, 2, 2, 0, 0, 0, 0, -1, 2, 0, 0, 2, 0, 1, 0, 0, 0, 6, 2, 2, 2, 2, -1, -1, -1, -1, -1, -1, -1, -1, -1, -1, 2, 0, 0, 6, 1, 2, 2, 2, 0, -1, -1, 4, 6, 2, 2, 2, 0, 0, 2, -1, 2, 2, 4, 4, 4, 4, 4, 5, 5, 1, 6, 6, 6, 6, 6, 6, 6, 6, 6, 0, -1, -1, 0, -1, 0, 0, 0, 0, 0, 0, 0, 0, 0, 6, 2, 0, 2, 2, 2, 0, -1, 0, 2, 2, 2, 1, 2, -1, -1, -1, -1, -1, -1, -1, 2, -1, -1, 2, -1, 0, 1, 1, 1, 1, 1, 1, 2, -1, -1, -1, 2, 1, 1, 0, -1, -1, 6, 1, -1, 2, -1, 2, -1, -1, 2, 2, 6, 2, 4, -1, 4, 1, 4, 4, -1, -1, 5, 5, 5, 6, 6, 6, 6, 6, 6, 6, 6, 6, 6, 6, 6, 6
3600, -1, 0, 0, 2, 0, 0, 0, 0, 2, 2, 0, 0, 0, 0, -1, 2, 0, 0, 2, 0, 1, 0, 0, 0, 6, 2, 2, 2, 2, -1, -1, -1, -1, -1, -1, -1, -1, -1, -1, 2, 0, 0, 6, 1, 2, 2, 2, 0, -1, -1, 4, 6, 2, 2, 2, 0, 0, 2, -1, 2, 2, 4, 4, 4, 4, 4, 5, 5, 1, 6, 6, 6, 6, 6, 6, 6, 6, 6, 0, -1, -1, 0, -1, 0, 0, 0, 0, 0, 0, 0, 0, 0, 6, 2, 0, 2, 2, 2, 0, -1, 0, 2, 2, 2, 1, 2, -1, -1, -1, -1, -1, -1, -1, 2, -1, -1, 2, -1, 0, 1, 1, 1, 1, 1, 1, 2, -1, -1, -1, 2, 1, 1, 0, -1, -1, 6, 1, -1, 2, -1, 2, -1, -1, 2, 2, 6, 2, 4, -1, 4, 1, 4, 4, -1, -1, 5, 5, 5, 6, 6, 6, 6, 6, 6, 6, 6, 6, 6, 6, 6, 6
3700, -1, 0, 0, 2, 0, 0, 0, 0, 2, 2, 0, 0, 0, 0, -1, 2, 0, 0, 2, 0, 1, 0, 0, 0, 6, 2, 2, 2, 2, -1, -1, -1, -1, -1, -1, -1, -1, -1, -1, 2, 0, 0, 6, 1, 2, 2, 2, 0, -1, -1, 4, 6, 2, 2, 2, 0, 0, 2, -1, 2, 2, 4, 4, 4, 4, 4, 5, 5, 1, 6, 6, 6, 6, 6, 6, 6, 6, 6, 0, -1, -1, 0, -1, 0, 0, 0, 0, 0, 0, 0, 0, 0, 6, 2, 0, 2, 2, 2, 0, -1, 0, 2, 2, 2, 1, 2, -1, -1, -1, -1, -1, -1, -1, 2, -1, -1, 2, -1, 0, 1, 1, 1, 1, 1, 1, 2, -1, -1, -1, 2, 1, 1, 0, -1, -1, 6, 1, -1, 2, -1, 2, -1, -1, 2, 2, 6, 2, 4, -1, 4, 1, 4, 4, -1, -1, 5, 5, 5, 6, 6, 6, 6, 6, 6, 6, 6, 6, 6, 6, 6, 6
3800, -1, 0, 0, 2, 0, 0, 0, 0, 2, 2, 0, 0, 0, 0, -1, 2, 0, 0, 2, 0, 1, 0, 0, 0, 6, 2, 2, 2, 2, -1, -1, -1, -1, -1, -1, -1, -1, -1, -1, 2, 0, 0, 6, 1, 2, 2, 2, 0, -1, -1, 4, 6, 2, 2, 2, 0, 0, 2, -1, 2, 2, 4, 4, 4, 4, 4, 5, 5, 1, 6, 6, 6, 6, 6, 6, 6, 6, 6, 0, -1, -1, 0, -1, 0, 0, 0, 0, 0, 0, 0, 0, 0, 6, 2, 0, 2, 2, 2, 0, -1, 0, 2, 2, 2, 1, 2, -1, -1, -1, -1, -1, -1, -1, 2, -1, -1, 2, -1, 0, 1, 1, 1, 1, 1, 1, 2, -1, -1, -1, 2, 1, 1, 0, -1, -1, 6, 1, -1, 2, -1, 2, -1, -1, 2, 2, 6, 2, 4, -1, 4, 1, 4, 4, -1, -1, 5, 5, 5, 6, 6, 6, 6, 6, 6, 6, 6, 6, 6, 6, 6, 6
3900, -1, 0, 0, 2, 0, 0, 0, 0, 2, 2, 0, 0, 0, 0, -1, 2, 0, 0, 2, 0, 1, 0, 0, 0, 6, 2, 2, 2, 2, -1, -1, -1, -1, -1, -1, -1, -1, -1, -1, 2, 0, 0, 6, 1, 2, 2, 2, 0, -1, -1, 4, 6, 2, 2, 2, 0, 0, 2, -1, 2, 2, 4, 4, 4, 4, 4, 5, 5, 1, 6, 6, 6, 6, 6, 6, 6, 6, 6, 0, -1, -1, 0, -1, 0, 0, 0, 0, 0, 0, 0, 0, 0, 6, 2, 0, 2, 2, 2, 0, -1, 0, 2, 2, 2, 1, 2, -1, -1, -1, -1, -1, -1, -1, 2, -1, -1, 2, -1, 0, 1, 1, 1, 1, 1, 1, 2, -1, -1, -1, 2, 1, 1, 0, -1, -1, 6, 1, -1, 2, -1, 2, -1, -1, 2, 2, 6, 2, 4, -1, 4, 1, 4, 4, -1, -1, 5, 5, 5, 6, 6, 6, 6, 6, 6, 6, 6, 6, 6, 6, 6, 6
4000, -1, 0, 0, 2, 0, 0, 0, 0, 2, 2, 0, 0, 0, 0, -1, 2, 0, 0, 2, 0, 1, 0, 0, 0, 6, 2, 2, 2, 2, -1, -1, -1, -1, -1, -1, -1, -1, -1, -1, 2, 0, 0, 6, 1, 2, 2, 2, 0, -1, -1, 4, 6, 2, 2, 2, 0, 0, 2, -1, 2, 2, 4, 4, 4, 4, 4, 5, 5, 1, 6, 6, 6, 6, 6, 6, 6, 6, 6, 0, -1, -1, 0, -1, 0, 0, 0, 0, 0, 0, 0, 0, 0, 6, 2, 0, 2, 2, 2, 0, -1, 0, 2, 2, 2, 1, 2, -1, -1, -1, -1, -1, -1, -1, 2, -1, -1, 2, -1, 0, 1, 1, 1, 1, 1, 1, 2, -1, -1, -1, 2, 1, 1, 0, -1, -1, 6, 1, -1, 2, -1, 2, -1, -1, 2, 2, 6, 2, 4, -1, 4, 1, 4, 4, -1, -1, 5, 5, 5, 6, 6, 6, 6, 6, 6, 6, 6, 6, 6, 6, 6, 6
4100, -1, 0, 0, 2, 0, 0, 0, 0, 2, 2, 0, 0, 0, 0, -1, 2, 0, 0, 2, 0, 1, 0, 0, 0, 6, 2, 2, 2, 2, -1, -1, -1, -1, -1, -1, -1, -1, -1, -1, 2, 0, 0, 6, 1, 2, 2, 2, 0, -1, -1, 4, 6, 2, 2, 2, 0, 0, 2, -1, 2, 2, 4, 4, 4, 4, 4, 5, 5, 1, 6, 6, 6, 6, 6, 6, 6, 6, 6, 0, -1, -1, 0, -1, 0, 0, 0, 0, 0, 0, 0, 0, 0, 6, 2, 0, 2, 2, 2, 0, -1, 0, 2, 2, 2, 1, 2, -1, -1, -1, -1, -1, -1, -1, 2, -1, -1, 2, -1, 0, 1, 1, 1, 1, 1, 1, 2, -1, -1, -1, 2, 1, 1, 0, -1, -1, 6, 1, -1, 2, -1, 2, -1, -1, 2, 2, 6, 2, 4, -1, 4, 1, 4, 4, -1, -1, 5, 5, 5, 6, 6, 6, 6, 6, 6, 6, 6, 6, 6, 6, 6, 6
4200, -1, 0, 0, 2, 0, 0, 0, 0, 2, 2, 0, 0, 0, 0, -1, 2, 0, 0, 2, 0, 1, 0, 0, 0, 6, 2, 2, 2, 2, -1, -1, -1, -1, -1, -1, -1, -1, -1, -1, 2, 0, 0, 6, 1, 2, 2, 2, 0, -1, -1, 4, 6, 2, 2, 2, 0, 0, 2, -1, 2, 2, 4, 4, 4, 4, 4, 5, 5, 1, 6, 6, 6, 6, 6, 6, 6, 6, 6, 0, -1, -1, 0, -1, 0, 0, 0, 0, 0, 0, 0, 0, 0, 6, 2, 0, 2, 2, 2, 0, -1, 0, 2, 2, 2, 1, 2, -1, -1, -1, -1, -1, -1, -1, 2, -1, -1, 2, -1, 0, 1, 1, 1, 1, 1, 1, 2, -1, -1, -1, 2, 1, 1, 0, -1, -1, 6, 1, -1, 2, -1, 2, -1, -1, 2, 2, 6, 2, 4, -1, 4, 1, 4, 4, -1, -1, 5, 5, 5, 6, 6, 6, 6, 6, 6, 6, 6, 6, 6, 6, 6, 6
4300, -1, 0, 0, 2, 0, 0, 0, 0, 2, 2, 0, 0, 0, 0, -1, 2, 0, 0, 2, 0, 1, 0, 0, 0, 6, 2, 2, 2, 2, -1, -1, -1, -1, -1, -1, -1, -1, -1, -1, 2, 0, 0, 6, 1, 2, 2, 2, 0, -1, -1, 4, 6, 2, 2, 2, 0, 0, 2, -1, 2, 2, 4, 4, 4, 4, 4, 5, 5, 1, 6, 6, 6, 6, 6, 6, 6, 6, 6, 0, -1, -1, 0, -1, 0, 0, 0, 0, 0, 0, 0, 0, 0, 6, 2, 0, 2, 2, 2, 0, -1, 0, 2, 2, 2, 1, 2, -1, -1, -1, -1, -1, -1, -1, 2, -1, -1, 2, -1, 0, 1, 1, 1, 1, 1, 1, 2, -1, -1, -1, 2, 1, 1, 0, -1, -1, 6, 1, -1, 2, -1, 2, -1, -1, 2, 2, 6, 2, 4, -1, 4, 1, 4, 4, -1, -1, 5, 5, 5, 6, 6, 6, 6, 6, 6, 6, 6, 6, 6, 6, 6, 6
4400, -1, 0, 0, 2, 0, 0, 0, 0, 2, 2, 0, 0, 0, 0, -1, 2, 0, 0, 2, 0, 1, 0, 0, 0, 6, 2, 2, 2, 2, -1, -1, -1, -1, -1, -1, -1, -1, -1, -1, 2, 0, 0, 6, 1, 2, 2, 2, 0, -1, -1, 4, 6, 2, 2, 2, 0, 0, 2, -1, 2, 2, 4, 4, 4, 4, 4, 5, 5, 1, 6, 6, 6, 6, 6, 6, 6, 6, 6, 0, -1, -1, 0, -1, 0, 0, 0, 0, 0, 0, 0, 0, 0, 6, 2, 0, 2, 2, 2, 0, -1, 0, 2, 2, 2, 1, 2, -1, -1, -1, -1, -1, -1, -1, 2, -1, -1, 2, -1, 0, 1, 1, 1, 1, 1, 1, 2, -1, -1, -1, 2, 1, 1, 0, -1, -1, 6, 1, -1, 2, -1, 2, -1, -1, 2, 2, 6, 2, 4, -1, 4, 1, 4, 4, -1, -1, 5, 5, 5, 6, 6, 6, 6, 6, 6, 6, 6, 6, 6, 6, 6, 6
4500, -1, 0, 0, 2, 0, 0, 0, 0, 2, 2, 0, 0, 0, 0, -1, 2, 0, 0, 2, 0, 1, 0, 0, 0, 6, 2, 2, 2, 2, -1, -1, -1, -1, -1, -1, -1, -1, -1, -1, 2, 0, 0, 6, 1, 2, 2, 2, 0, -1, -1, 4, 6, 2, 2, 2, 0, 0, 2, -1, 2, 2, 4, 4, 4, 4, 4, 5, 5, 1, 6, 6, 6, 6, 6, 6, 6, 6, 6, 0, -1, -1, 0, -1, 0, 0, 0, 0, 0, 0, 0, 0, 0, 6, 2, 0, 2, 2, 2, 0, -1, 0, 2, 2, 2, 1, 2, -1, -1, -1, -1, -1, -1, -1, 2, -1, -1, 2, -1, 0, 1, 1, 1, 1, 1, 1, 2, -1, -1, -1, 2, 1, 1, 0, -1, -1, 6, 1, -1, 2, -1, 2, -1, -1, 2, 2, 6, 2, 4, -1, 4, 1, 4, 4, -1, -1, 5, 5, 5, 6, 6, 6, 6, 6, 6, 6, 6, 6, 6, 6, 6, 6
4600, -1, 0, 0, 2, 0, 0, 0, 0, 2, 2, 0, 0, 0, 0, -1, 2, 0, 0, 2, 0, 1, 0, 0, 0, 6, 2, 2, 2, 2, -1, -1, -1, -1, -1, -1, -1, -1, -1, -1, 2, 0, 0, 6, 1, 2, 2, 2, 0, -1, -1, 4, 6, 2, 2, 2, 0, 0, 2, -1, 2, 2, 4, 4, 4, 4, 4, 5, 5, 1, 6, 6, 6, 6, 6, 6, 6, 6, 6, 0, -1, -1, 0, -1, 0, 0, 0, 0, 0, 0, 0, 0, 0, 6, 2, 0, 2, 2, 2, 0, -1, 0, 2, 2, 2, 1, 2, -1, -1, -1, -1, -1, -1, -1, 2, -1, -1, 2, -1, 0, 1, 1, 1, 1, 1, 1, 2, -1, -1, -1, 2, 1, 1, 0, -1, -1, 6, 1, -1, 2, -1, 2, -1, -1, 2, 2, 6, 2, 4, -1, 4, 1, 4, 4, -1, -1, 5, 5, 5, 6, 6, 6, 6, 6, 6, 6, 6, 6, 6, 6, 6, 6
4700, -1, 0, 0, 2, 0, 0, 0, 0, 2, 2, 0, 0, 0, 0, -1, 2, 0, 0, 2, 0, 1, 0, 0, 0, 6, 2, 2, 2, 2, -1, -1, -1, -1, -1, -1, -1, -1, -1, -1, 2, 0, 0, 6, 1, 2, 2, 2, 0, -1, -1, 4, 6, 2, 2, 2, 0, 0, 2, -1, 2, 2, 4, 4, 4, 4, 4, 5, 5, 1, 6, 6, 6, 6, 6, 6, 6, 6, 6, 0, -1, -1, 0, -1, 0, 0, 0, 0, 0, 0, 0, 0, 0, 6, 2, 0, 2, 2, 2, 0, -1, 0, 2, 2, 2, 1, 2, -1, -1, -1, -1, -1, -1, -1, 2, -1, -1, 2, -1, 0, 1, 1, 1, 1, 1, 1, 2, -1, -1, -1, 2, 1, 1, 0, -1, -1, 6, 1, -1, 2, -1, 2, -1, -1, 2, 2, 6, 2, 4, -1, 4, 1, 4, 4, -1, -1, 5, 5, 5, 6, 6, 6, 6, 6, 6, 6, 6, 6, 6, 6, 6, 6
4800, -1, 0, 0, 2, 0, 0, 0, 0, 2, 2, 0, 0, 0, 0, -1, 2, 0, 0, 2, 0, 1, 0, 0, 0, 6, 2, 2, 2, 2, -1, -1, -1, -1, -1, -1, -1, -1, -1, -1, 2, 0, 0, 6, 1, 2, 2, 2, 0, -1, -1, 4, 6, 2, 2, 2, 0, 0, 2, -1, 2, 2, 4, 4, 4, 4, 4, 5, 5, 1, 6, 6, 6, 6, 6, 6, 6, 6, 6, 0, -1, -1, 0, -1, 0, 0, 0, 0, 0, 0, 0, 0, 0, 6, 2, 0, 2, 2, 2, 0, -1, 0, 2, 2, 2, 1, 2, -1, -1, -1, -1, -1, -1, -1, 2, -1, -1, 2, -1, 0, 1, 1, 1, 1, 1, 1, 2, -1, -1, -1, 2, 1, 1, 0, -1, -1, 6, 1, -1, 2, -1, 2, -1, -1, 2, 2, 6, 2, 4, -1, 4, 1, 4, 4, -1, -1, 5, 5, 5, 6, 6, 6, 6, 6, 6, 6, 6, 6, 6, 6, 6, 6
4900, -1, 0, 0, 2, 0, 0, 0, 0, 2, 2, 0, 0, 0, 0, -1, 2, 0, 0, 2, 0, 1, 0, 0, 0, 6, 2, 2, 2, 2, -1, -1, -1, -1, -1, -1, -1, -1, -1, -1, 2, 0, 0, 6, 1, 2, 2, 2, 0, -1, -1, 4, 6, 2, 2, 2, 0, 0, 2, -1, 2, 2, 4, 4, 4, 4, 4, 5, 5, 1, 6, 6, 6, 6, 6, 6, 6, 6, 6, 0, -1, -1, 0, -1, 0, 0, 0, 0, 0, 0, 0, 0, 0, 6, 2, 0, 2, 2, 2, 0, -1, 0, 2, 2, 2, 1, 2, -1, -1, -1, -1, -1, -1, -1, 2, -1, -1, 2, -1, 0, 1, 1, 1, 1, 1, 1, 2, -1, -1, -1, 2, 1, 1, 0, -1, -1, 6, 1, -1, 2, -1, 2, -1, -1, 2, 2, 6, 2, 4, -1, 4, 1, 4, 4, -1, -1, 5, 5, 5, 6, 6, 6, 6, 6, 6, 6, 6, 6, 6, 6, 6, 6
5000, -1, 0, 0, 2, 0, 0, 0, 0, 2, 2, 0, 0, 0, 0, -1, 2, 0, 0, 2, 0, 1, 0, 0, 0, 6, 2, 2, 2, 2, -1, -1, -1, -1, -1, -1, -1, -1, -1, -1, 2, 0, 0, 6, 1, 2, 2, 2, 0, -1, -1, 4, 6, 2, 2, 2, 0, 0, 2, -1, 2, 2, 4, 4, 4, 4, 4, 5, 5, 1, 6, 6, 6, 6, 6, 6, 6, 6, 6, 0, -1, -1, 0, -1, 0, 0, 0, 0, 0, 0, 0, 0, 0, 6, 2, 0, 2, 2, 2, 0, -1, 0, 2, 2, 2, 1, 2, -1, -1, -1, -1, -1, -1, -1, 2, -1, -1, 2, -1, 0, 1, 1, 1, 1, 1, 1, 2, -1, -1, -1, 2, 1, 1, 0, -1, -1, 6, 1, -1, 2, -1, 2, -1, -1, 2, 2, 6, 2, 4, -1, 4, 1, 4, 4, -1, -1, 5, 5, 5, 6, 6, 6, 6, 6, 6, 6, 6, 6, 6, 6, 6, 6
5100, -1, 0, 0, 2, 0, 0, 0, 0, 2, 2, 0, 0, 0, 0, -1, 2, 0, 0, 2, 0, 1, 0, 0, 0, 6, 2, 2, 2, 2, -1, -1, -1, -1, -1, -1, -1, -1, -1, -1, 2, 0, 0, 6, 1, 2, 2, 2, 0, -1, -1, 4, 6, 2, 2, 2, 0, 0, 2, -1, 2, 2, 4, 4, 4, 4, 4, 5, 5, 1, 6, 6, 6, 6, 6, 6, 6, 6, 6, 0, -1, -1, 0, -1, 0, 0, 0, 0, 0, 0, 0, 0, 0, 6, 2, 0, 2, 2, 2, 0, -1, 0, 2, 2, 2, 1, 2, -1, -1, -1, -1, -1, -1, -1, 2, -1, -1, 2, -1, 0, 1, 1, 1, 1, 1, 1, 2, -1, -1, -1, 2, 1, 1, 0, -1, -1, 6, 1, -1, 2, -1, 2, -1, -1, 2, 2, 6, 2, 4, -1, 4, 1, 4, 4, -1, -1, 5, 5, 5, 6, 6, 6, 6, 6, 6, 6, 6, 6, 6, 6, 6, 6

Test:
true-label, 0, 0, 0, 0, 0, 0, 1, 1, 1, 1, 1, 1, 1, 1, 1, 1, 1, 2, 2, 2, 2, 4, 5, 5, 6, 6, 6, 6, 6, 0, 0, 0, 0, 0, 0, 0, 0, 1, 1, 1, 1, 4, 6
0, -1, 0, 5, 1, 5, 0, -1, -1, -1, 5, 6, 1, -1, -1, 0, 5, 0, -1, -1, 0, -1, 1, 6, 6, 6, 6, 6, 6, 6, -1, 0, 6, 0, 0, 0, 0, 0, -1, -1, -1, 0, 6, 6
100, -1, 0, 5, 1, 5, 0, -1, -1, -1, 5, 6, 1, -1, -1, 0, 5, 0, -1, -1, 0, -1, 1, 6, 6, 6, 6, 6, 6, 6, -1, 0, 6, 0, 0, 0, 0, 0, -1, -1, -1, 0, 6, 6
200, 4, 4, 4, 1, 4, 4, 4, 4, 4, 4, 4, 1, 4, 4, 4, 4, 4, 4, 4, 4, 4, 1, -1, -1, 6, 6, 6, 6, 6, -1, 4, 6, 4, 4, 4, 4, 4, 4, -1, 4, 4, 6, 6
300, 4, 0, -1, 1, 4, 0, -1, -1, -1, 4, -1, 1, -1, 4, 0, 2, 0, -1, 4, 0, -1, 1, 5, -1, 6, 6, 6, 6, 6, -1, 4, -1, 4, 4, 4, 4, 0, -1, -1, 4, 0, 6, 6
400, 4, 0, -1, 1, 4, 0, -1, -1, -1, 4, -1, 1, -1, 4, 0, 2, 0, -1, 4, 0, -1, 1, 5, -1, 6, 6, 6, 6, 6, -1, 4, -1, 4, 4, 4, 4, 0, -1, -1, 4, 0, 6, 6
500, -1, 0, 2, 2, 0, 0, -1, -1, -1, 0, -1, 1, 2, -1, 0, -1, 0, -1, 4, 0, -1, 1, 5, -1, 6, 6, 6, 6, 6, 2, 0, 2, 0, 0, 0, 4, 0, -1, -1, -1, 0, 6, 6
600, -1, 0, 2, 2, 0, 0, -1, -1, -1, 0, -1, 1, 2, -1, 0, -1, 0, -1, 4, 0, -1, 1, 5, -1, 6, 6, 6, 6, 6, 2, 0, 2, 0, 0, 0, 4, 0, -1, -1, -1, 0, 6, 6
700, -1, 0, 2, 2, 0, 0, -1, -1, -1, 0, -1, 1, 2, -1, 0, -1, 0, -1, 4, 0, -1, 1, 5, -1, 6, 6, 6, 6, 6, 2, 0, 2, 0, 0, 0, 4, 0, -1, -1, -1, 0, 6, 6
800, -1, 0, 2, 2, 0, 0, -1, -1, -1, 0, -1, 1, 2, -1, 0, -1, 0, -1, 4, 0, -1, 1, 5, -1, 6, 6, 6, 6, 6, 2, 0, 2, 0, 0, 0, 4, 0, -1, -1, -1, 0, 6, 6
900, -1, 0, 2, 2, 0, 0, -1, -1, -1, 0, -1, 1, 2, -1, 0, -1, 0, -1, 4, 0, -1, 1, 5, -1, 6, 6, 6, 6, 6, 2, 0, 2, 0, 0, 0, 4, 0, -1, -1, -1, 0, 6, 6
1000, -1, 0, 2, 2, 0, 0, -1, -1, -1, 0, -1, 1, 2, -1, 0, -1, 0, -1, 4, 0, -1, 1, 5, -1, 6, 6, 6, 6, 6, 2, 0, 2, 0, 0, 0, 4, 0, -1, -1, -1, 0, 6, 6
1100, -1, 0, 2, 2, 0, 0, -1, -1, -1, 0, -1, 1, 2, -1, 0, -1, 0, -1, 4, 0, -1, 1, 5, -1, 6, 6, 6, 6, 6, 2, 0, 2, 0, 0, 0, 4, 0, -1, -1, -1, 0, 6, 6
1200, -1, 0, 2, 2, 0, 0, -1, -1, -1, 0, -1, 1, 2, -1, 0, -1, 0, -1, 4, 0, -1, 1, 5, -1, 6, 6, 6, 6, 6, 2, 0, 2, 0, 0, 0, 4, 0, -1, -1, -1, 0, 6, 6
1300, -1, 0, 2, 2, 0, 0, -1, -1, -1, 0, -1, 1, 2, -1, 0, -1, 0, -1, 4, 0, -1, 1, 5, -1, 6, 6, 6, 6, 6, 2, 0, 2, 0, 0, 0, 4, 0, -1, -1, -1, 0, 6, 6
1400, -1, 0, 2, 2, 0, 0, -1, -1, -1, 0, -1, 1, 2, -1, 0, -1, 0, -1, 4, 0, -1, 1, 5, -1, 6, 6, 6, 6, 6, 2, 0, 2, 0, 0, 0, 4, 0, -1, -1, -1, 0, 6, 6
1500, -1, 0, 2, 2, 0, 0, -1, -1, -1, 0, -1, 1, 2, -1, 0, -1, 0, -1, 4, 0, -1, 1, 5, -1, 6, 6, 6, 6, 6, 2, 0, 2, 0, 0, 0, 4, 0, -1, -1, -1, 0, 6, 6
1600, -1, 0, 2, 2, 0, 0, -1, -1, -1, 0, -1, 1, 2, -1, 0, -1, 0, -1, 4, 0, -1, 1, 5, -1, 6, 6, 6, 6, 6, 2, 0, 2, 0, 0, 0, 4, 0, -1, -1, -1, 0, 6, 6
1700, -1, 0, 2, 2, 0, 0, -1, -1, -1, 0, -1, 1, 2, -1, 0, -1, 0, -1, 4, 0, -1, 1, 5, -1, 6, 6, 6, 6, 6, 2, 0, 2, 0, 0, 0, 4, 0, -1, -1, -1, 0, 6, 6
1800, -1, 0, 2, 2, 0, 0, -1, -1, -1, 0, -1, 1, 2, -1, 0, -1, 0, -1, 4, 0, -1, 1, 5, -1, 6, 6, 6, 6, 6, 2, 0, 2, 0, 0, 0, 4, 0, -1, -1, -1, 0, 6, 6
1900, -1, 0, 2, 2, 0, 0, -1, -1, -1, 0, 4, 1, 2, -1, 0, 4, 0, -1, -1, 0, -1, 1, 5, -1, 6, 6, 6, 6, 6, 2, 0, 2, 0, 0, 0, 0, 0, -1, -1, -1, 0, 6, 6
2000, -1, 0, 2, 2, 0, 0, -1, -1, -1, 0, 4, 1, 2, -1, 0, 4, 0, -1, -1, 0, -1, 1, 5, -1, 6, 6, 6, 6, 6, 2, 0, 2, 0, 0, 0, 0, 0, -1, -1, -1, 0, 6, 6
2100, -1, 0, 2, 2, 0, 0, -1, -1, -1, 0, 4, 1, 2, -1, 0, 4, 0, -1, -1, 0, -1, 1, 5, -1, 6, 6, 6, 6, 6, 2, 0, 2, 0, 0, 0, 0, 0, -1, -1, -1, 0, 6, 6
2200, -1, 0, 2, 2, 0, 0, -1, -1, -1, 0, 4, 1, 2, -1, 0, 4, 0, -1, -1, 0, -1, 1, 5, -1, 6, 6, 6, 6, 6, 2, 0, 2, 0, 0, 0, 0, 0, -1, -1, -1, 0, 6, 6
2300, -1, 0, 2, 2, 0, 0, -1, -1, -1, 0, 4, 1, 2, -1, 0, 4, 0, -1, -1, 0, -1, 1, 5, -1, 6, 6, 6, 6, 6, 2, 0, 2, 0, 0, 0, 0, 0, -1, -1, -1, 0, 6, 6
2400, -1, 0, 2, 2, 0, 0, -1, -1, -1, 0, 4, 1, 2, -1, 0, 4, 0, -1, -1, 0, -1, 1, 5, 5, 6, 6, 6, 6, 6, 2, 0, 2, 0, 0, 0, 0, 0, -1, -1, -1, 0, 6, 6
2500, -1, 0, 2, 1, 0, 0, -1, -1, -1, 0, 5, 1, 2, -1, 0, 4, 0, -1, -1, 0, -1, 1, 5, 5, 6, 6, 6, 6, 6, 2, 0, 2, 0, 0, 0, 0, 0, -1, 5, -1, 0, 6, 6
2600, -1, 0, 2, 1, 0, 0, -1, -1, -1, 0, 5, 1, 2, -1, 0, 4, 0, -1, -1, 0, -1, 1, 5, 5, 6, 6, 6, 6, 6, 2, 0, 2, 0, 0, 0, 0, 0, -1, 5, -1, 0, 6, 6
2700, -1, 0, 2, 1, 0, 0, -1, -1, -1, 0, 5, 1, 2, -1, 0, 4, 0, -1, -1, 0, -1, 1, 5, 5, 6, 6, 6, 6, 6, 2, 0, 2, 0, 0, 0, 0, 0, -1, 5, -1, 0, 6, 6
2800, -1, 0, 2, 1, 0, 0, -1, -1, -1, 0, 5, 1, 2, -1, 0, 4, 0, -1, -1, 0, -1, 1, 5, 5, 6, 6, 6, 6, 6, 2, 0, 2, 0, 0, 0, 0, 0, -1, 5, -1, 0, 6, 6
2900, -1, 0, 2, 1, 0, 0, -1, -1, -1, 0, 5, 1, 2, -1, 0, 4, 0, -1, -1, 0, -1, 1, 5, 5, 6, 6, 6, 6, 6, 2, 0, 2, 0, 0, 0, 0, 0, -1, 5, -1, 0, 6, 6
3000, -1, 0, 2, 1, 0, 0, -1, -1, -1, 0, 5, 1, 2, -1, 0, 4, 0, -1, -1, 0, -1, 1, 5, 5, 6, 6, 6, 6, 6, 2, 0, 2, 0, 0, 0, 0, 0, -1, 5, -1, 0, 6, 6
3100, -1, 0, 2, 1, 0, 0, -1, -1, -1, 0, 5, 1, 2, -1, 0, 4, 0, -1, -1, 0, -1, 1, 5, 5, 6, 6, 6, 6, 6, 2, 0, 2, 0, 0, 0, 0, 0, -1, 5, -1, 0, 6, 6
3200, -1, 0, 2, 1, 0, 0, -1, -1, -1, 0, 5, 1, 2, -1, 0, 4, 0, -1, -1, 0, -1, 1, 5, 5, 6, 6, 6, 6, 6, 2, 0, 2, 0, 0, 0, 0, 0, -1, 5, -1, 0, 6, 6
3300, -1, 0, 2, 1, 0, 0, -1, -1, -1, 0, 5, 1, 2, -1, 0, 4, 0, -1, -1, 0, -1, 1, 5, 5, 6, 6, 6, 6, 6, 2, 0, 2, 0, 0, 0, 0, 0, -1, 5, -1, 0, 6, 6
3400, -1, 0, 2, 1, 0, 0, -1, -1, -1, 0, 5, 1, 2, -1, 0, 4, 0, -1, -1, 0, -1, 1, 5, 5, 6, 6, 6, 6, 6, 2, 0, 2, 0, 0, 0, 0, 0, -1, 5, -1, 0, 6, 6
3500, -1, 0, 2, 1, 0, 0, -1, -1, -1, 0, 5, 1, 2, -1, 0, 4, 0, -1, -1, 0, -1, 1, 5, 5, 6, 6, 6, 6, 6, 2, 0, 2, 0, 0, 0, 0, 0, -1, 5, -1, 0, 6, 6
3600, -1, 0, 2, 1, 0, 0, -1, -1, -1, 0, 5, 1, 2, -1, 0, 4, 0, -1, -1, 0, -1, 1, 5, 5, 6, 6, 6, 6, 6, 2, 0, 2, 0, 0, 0, 0, 0, -1, 5, -1, 0, 6, 6
3700, -1, 0, 2, 1, 0, 0, -1, -1, -1, 0, 5, 1, 2, -1, 0, 4, 0, -1, -1, 0, -1, 1, 5, 5, 6, 6, 6, 6, 6, 2, 0, 2, 0, 0, 0, 0, 0, -1, 5, -1, 0, 6, 6
3800, -1, 0, 2, 1, 0, 0, -1, -1, -1, 0, 5, 1, 2, -1, 0, 4, 0, -1, -1, 0, -1, 1, 5, 5, 6, 6, 6, 6, 6, 2, 0, 2, 0, 0, 0, 0, 0, -1, 5, -1, 0, 6, 6
3900, -1, 0, 2, 1, 0, 0, -1, -1, -1, 0, 5, 1, 2, -1, 0, 4, 0, -1, -1, 0, -1, 1, 5, 5, 6, 6, 6, 6, 6, 2, 0, 2, 0, 0, 0, 0, 0, -1, 5, -1, 0, 6, 6
4000, -1, 0, 2, 1, 0, 0, -1, -1, -1, 0, 5, 1, 2, -1, 0, 4, 0, -1, -1, 0, -1, 1, 5, 5, 6, 6, 6, 6, 6, 2, 0, 2, 0, 0, 0, 0, 0, -1, 5, -1, 0, 6, 6
4100, -1, 0, 2, 1, 0, 0, -1, -1, -1, 0, 5, 1, 2, -1, 0, 4, 0, -1, -1, 0, -1, 1, 5, 5, 6, 6, 6, 6, 6, 2, 0, 2, 0, 0, 0, 0, 0, -1, 5, -1, 0, 6, 6
4200, -1, 0, 2, 1, 0, 0, -1, -1, -1, 0, 5, 1, 2, -1, 0, 4, 0, -1, -1, 0, -1, 1, 5, 5, 6, 6, 6, 6, 6, 2, 0, 2, 0, 0, 0, 0, 0, -1, 5, -1, 0, 6, 6
4300, -1, 0, 2, 1, 0, 0, -1, -1, -1, 0, 5, 1, 2, -1, 0, 4, 0, -1, -1, 0, -1, 1, 5, 5, 6, 6, 6, 6, 6, 2, 0, 2, 0, 0, 0, 0, 0, -1, 5, -1, 0, 6, 6
4400, -1, 0, 2, 1, 0, 0, -1, -1, -1, 0, 5, 1, 2, -1, 0, 4, 0, -1, -1, 0, -1, 1, 5, 5, 6, 6, 6, 6, 6, 2, 0, 2, 0, 0, 0, 0, 0, -1, 5, -1, 0, 6, 6
4500, -1, 0, 2, 1, 0, 0, -1, -1, -1, 0, 5, 1, 2, -1, 0, 4, 0, -1, -1, 0, -1, 1, 5, 5, 6, 6, 6, 6, 6, 2, 0, 2, 0, 0, 0, 0, 0, -1, 5, -1, 0, 6, 6
4600, -1, 0, 2, 1, 0, 0, -1, -1, -1, 0, 5, 1, 2, -1, 0, 4, 0, -1, -1, 0, -1, 1, 5, 5, 6, 6, 6, 6, 6, 2, 0, 2, 0, 0, 0, 0, 0, -1, 5, -1, 0, 6, 6
4700, -1, 0, 2, 1, 0, 0, -1, -1, -1, 0, 5, 1, 2, -1, 0, 4, 0, -1, -1, 0, -1, 1, 5, 5, 6, 6, 6, 6, 6, 2, 0, 2, 0, 0, 0, 0, 0, -1, 5, -1, 0, 6, 6
4800, -1, 0, 2, 1, 0, 0, -1, -1, -1, 0, 5, 1, 2, -1, 0, 4, 0, -1, -1, 0, -1, 1, 5, 5, 6, 6, 6, 6, 6, 2, 0, 2, 0, 0, 0, 0, 0, -1, 5, -1, 0, 6, 6
4900, -1, 0, 2, 1, 0, 0, -1, -1, -1, 0, 5, 1, 2, -1, 0, 4, 0, -1, -1, 0, -1, 1, 5, 5, 6, 6, 6, 6, 6, 2, 0, 2, 0, 0, 0, 0, 0, -1, 5, -1, 0, 6, 6
5000, -1, 0, 2, 1, 0, 0, -1, -1, -1, 0, 5, 1, 2, -1, 0, 4, 0, -1, -1, 0, -1, 1, 5, 5, 6, 6, 6, 6, 6, 2, 0, 2, 0, 0, 0, 0, 0, -1, 5, -1, 0, 6, 6
5100, -1, 0, 2, 1, 0, 0, -1, -1, -1, 0, 5, 1, 2, -1, 0, 4, 0, -1, -1, 0, -1, 1, 5, 5, 6, 6, 6, 6, 6, 2, 0, 2, 0, 0, 0, 0, 0, -1, 5, -1, 0, 6, 6

