<CommandLineArguments>
ImbalancedDataset_FGBML.exe glass 1 IDFGBML_GM 20 20 5 n 
<HyperParameter>
NUM_MEMBERSHIP_FUNC = 15
POPULATION_SIZE = 100
NUM_ITERATION = 5000
PROB_CROSSOVER = 0.900000
PER_REPLACEMENT = 20
SEED = 1253
INTERVAL_GRAPH = 100
IS_SELECT_PARENTS_ONLY_FROM_WINNER_RULE = 0
NUM_TRIAL = 20

<RUNNING_SECOND>
506 [s]

<Evaluation>
PER MISS TRA:41.2791
PER MISS TST:66.6667
LEN OF RULE:4.125
Confusion Matrix tra:
11, 11, 30, 0, 0, 0, 0
4, 44, 7, 0, 1, 1, 1
0, 4, 10, 0, 0, 0, 0
0, 0, 0, 0, 0, 0, 0
0, 0, 0, 0, 8, 0, 1
0, 0, 0, 0, 0, 5, 1
0, 0, 0, 0, 0, 0, 23
Confusion Matrix tst:
1, 2, 0, 0, 0, 0, 0
1, 7, 0, 0, 2, 0, 1
0, 1, 0, 0, 0, 0, 0
0, 0, 0, 0, 0, 0, 0
0, 0, 0, 0, 2, 0, 1
0, 1, 0, 0, 0, 1, 0
0, 0, 0, 0, 0, 1, 3

<BestRules> [att, class, weight]
005840000, 1, 0.109653
0000000c0, 6, 0.905340
000d00000, 6, 0.493589
c1e111c1b, 0, 0.871098
d00000d00, 1, 0.434194
000c00500, 4, 0.924276
0009a0000, 4, 1.000000
283c02804, 1, 0.738755
252c00800, 5, 1.000000
151051000, 5, 0.730325
090000000, 5, 0.847650
00000c000, 6, 0.631547
111154c1b, 1, 0.016634
080d0000b, 6, 1.000000
c21812c24, 1, 1.000000
22a0d4010, 4, 0.832096

<Prediction> [generation][index_pattern]
Training:
true-label, 0, 0, 0, 0, 0, 0, 0, 0, 0, 0, 0, 0, 0, 0, 0, 0, 0, 0, 0, 0, 0, 0, 0, 0, 0, 0, 1, 1, 1, 1, 1, 1, 1, 1, 1, 1, 1, 1, 1, 1, 1, 1, 1, 1, 1, 1, 1, 1, 1, 1, 1, 1, 1, 1, 1, 1, 1, 1, 2, 2, 2, 2, 2, 2, 2, 2, 4, 4, 4, 4, 4, 5, 5, 5, 5, 6, 6, 6, 6, 6, 6, 6, 6, 6, 6, 6, 6, 0, 0, 0, 0, 0, 0, 0, 0, 0, 0, 0, 0, 0, 0, 0, 0, 0, 0, 0, 0, 0, 0, 0, 0, 0, 0, 0, 0, 0, 0, 1, 1, 1, 1, 1, 1, 1, 1, 1, 1, 1, 1, 1, 1, 1, 1, 1, 1, 1, 1, 1, 1, 1, 1, 1, 1, 1, 1, 1, 2, 2, 2, 2, 2, 2, 4, 4, 4, 4, 4, 5, 5, 5, 6, 6, 6, 6, 6, 6, 6, 6, 6, 6, 6, 6
0, -1, -1, -1, 0, -1, 0, -1, -1, -1, -1, -1, 0, -1, -1, -1, -1, 0, 1, -1, 0, 1, -1, -1, 0, -1, 0, -1, -1, -1, -1, -1, -1, -1, -1, -1, 1, 1, -1, -1, 1, 1, 1, 1, -1, 0, -1, -1, -1, -1, -1, -1, -1, 1, 4, -1, -1, 0, -1, -1, 1, -1, -1, -1, -1, -1, -1, -1, -1, -1, 1, 6, -1, 6, -1, 5, 6, 6, 6, 6, 6, 6, 6, 6, 6, 6, 6, 6, -1, -1, -1, -1, -1, -1, -1, -1, 0, 0, -1, -1, -1, -1, 0, -1, 0, -1, 0, -1, -1, -1, -1, -1, -1, 0, 0, 0, 0, 0, -1, -1, -1, 6, 6, -1, -1, 0, -1, -1, 0, 1, 1, 1, -1, 1, -1, -1, -1, -1, 0, -1, -1, -1, -1, 0, 2, -1, 1, -1, -1, -1, -1, 0, -1, 6, -1, -1, 6, 4, -1, -1, -1, 6, 6, 6, -1, 6, 6, 6, 6, -1, 6, 6, 6
100, -1, -1, -1, 0, -1, 0, -1, -1, -1, -1, -1, 0, -1, -1, -1, -1, 0, 1, -1, 0, 1, -1, -1, 0, -1, 0, -1, -1, -1, -1, -1, -1, -1, -1, -1, 1, 1, -1, -1, 1, 1, 1, 1, -1, 0, -1, -1, -1, -1, -1, -1, -1, 1, 4, -1, -1, 0, -1, -1, 1, -1, -1, -1, -1, -1, -1, -1, -1, -1, 1, 6, -1, 6, -1, 5, 6, 6, 6, 6, 6, 6, 6, 6, 6, 6, 6, 6, -1, -1, -1, -1, -1, -1, -1, -1, 0, 0, -1, -1, -1, -1, 0, -1, 0, -1, 0, -1, -1, -1, -1, -1, -1, 0, 0, 0, 0, 0, -1, -1, -1, 6, 6, -1, -1, 0, -1, -1, 0, 1, 1, 1, -1, 1, -1, -1, -1, -1, 0, -1, -1, -1, -1, 0, 2, -1, 1, -1, -1, -1, -1, 0, -1, 6, -1, -1, 6, 4, -1, -1, -1, 6, 6, 6, -1, 6, 6, 6, 6, -1, 6, 6, 6
200, -1, -1, -1, 0, -1, 0, -1, -1, -1, -1, -1, 0, -1, -1, -1, -1, 6, 1, -1, 0, 1, -1, -1, 0, -1, 0, -1, -1, -1, -1, -1, -1, -1, -1, -1, 6, 1, -1, -1, 1, 6, 1, 1, -1, 0, -1, -1, -1, -1, -1, -1, 6, 6, 6, -1, -1, 0, -1, -1, 6, -1, -1, -1, -1, -1, -1, -1, -1, -1, 1, 6, -1, 6, -1, 5, 6, 6, 6, 6, 6, 6, 6, 6, 6, 6, 6, 6, -1, -1, -1, -1, -1, -1, -1, -1, 0, 0, -1, -1, -1, -1, 0, -1, 0, -1, 0, -1, -1, -1, -1, -1, -1, 6, 0, 0, 0, 0, -1, -1, -1, 6, 6, -1, -1, 0, -1, -1, 0, 1, 1, 1, -1, 1, -1, -1, -1, -1, 0, -1, -1, -1, -1, 0, 1, -1, 6, -1, -1, -1, 6, 0, -1, 6, -1, -1, 6, 4, -1, -1, -1, 6, 6, 6, -1, 6, 6, 6, 6, -1, 6, 6, 6
300, 2, 2, 2, 0, -1, 0, 2, 2, 2, -1, 2, 0, 2, -1, 2, 2, 2, 1, 2, 0, 1, -1, 2, 2, 2, 0, 2, 2, 2, 2, 2, 2, 2, -1, -1, 2, 1, -1, 6, 1, 1, 1, 1, 2, 0, 2, -1, 2, 2, 2, -1, 4, 4, 4, 2, 2, 0, -1, 2, 2, -1, 2, -1, 2, 2, 2, 4, 4, 4, 4, 6, -1, 6, -1, 5, 6, 6, 6, 6, 6, 6, 6, 6, 6, 6, 6, 6, 2, 2, 2, -1, 2, -1, -1, 2, 0, 0, -1, -1, 2, -1, 0, -1, 0, -1, 2, -1, 2, -1, 2, -1, 2, 2, 0, 0, 0, 0, 2, 2, 2, 6, 6, 2, 2, 0, 2, -1, 0, 1, 1, 1, -1, 1, 2, 2, 2, 2, 0, 4, 2, -1, -1, 0, 1, 2, 2, 2, 2, 2, 2, 0, 4, 6, 4, 4, 4, 4, -1, -1, -1, 6, 6, 6, -1, 6, 6, 6, 6, 6, 6, 6, 6
400, 2, 2, 2, 0, -1, 0, 2, 2, 2, -1, 2, 0, 2, -1, 2, 2, 2, 1, 2, 0, 1, -1, 2, 2, 2, 0, 2, 2, 2, 2, 2, 2, 2, -1, -1, 2, 1, -1, 6, 1, 1, 1, 1, 2, 0, 2, -1, 2, 2, 2, -1, 4, 4, 4, 2, 2, 0, -1, 2, 2, -1, 2, -1, 2, 2, 2, 4, 4, 4, 4, 6, -1, 6, -1, 5, 6, 6, 6, 6, 6, 6, 6, 6, 6, 6, 6, 6, 2, 2, 2, -1, 2, -1, -1, 2, 0, 0, -1, -1, 2, -1, 0, -1, 0, -1, 2, -1, 2, -1, 2, -1, 2, 2, 0, 0, 0, 0, 2, 2, 2, 6, 6, 2, 2, 0, 2, -1, 0, 1, 1, 1, -1, 1, 2, 2, 2, 2, 0, 4, 2, -1, -1, 0, 1, 2, 2, 2, 2, 2, 2, 0, 4, 6, 4, 4, 4, 4, -1, -1, -1, 6, 6, 6, -1, 6, 6, 6, 6, 6, 6, 6, 6
500, 2, 2, 2, 0, -1, 0, 2, 2, 2, -1, 2, 0, 2, -1, 2, 2, 2, 1, 2, 0, 1, -1, 2, 2, 2, 0, 2, 2, 2, 2, 2, 2, 2, -1, -1, 2, 1, -1, 6, 1, 1, 1, 1, 2, 0, 2, -1, 2, 2, 2, -1, 4, 4, 4, 2, 2, 0, -1, 2, 2, -1, 2, -1, 2, 2, 2, 4, 4, 4, 4, 6, -1, 6, -1, 5, 6, 6, 6, 6, 6, 6, 6, 6, 6, 6, 6, 6, 2, 2, 2, -1, 2, -1, -1, 2, 0, 0, -1, -1, 2, -1, 0, -1, 0, -1, 2, -1, 2, -1, 2, -1, 2, 2, 0, 0, 0, 0, 2, 2, 2, 6, 6, 2, 2, 0, 2, -1, 0, 1, 1, 1, -1, 1, 2, 2, 2, 2, 0, 4, 2, -1, -1, 0, 1, 2, 2, 2, 2, 2, 2, 0, 4, 6, 4, 4, 4, 4, -1, -1, -1, 6, 6, 6, -1, 6, 6, 6, 6, 6, 6, 6, 6
600, 2, 2, 2, 0, -1, 0, 2, 2, 2, -1, 2, 0, 2, -1, 2, 2, 2, 1, 2, 0, 1, -1, 2, 2, 2, 0, 2, 2, 2, 2, 2, 2, 2, -1, -1, 2, 1, -1, 6, 1, 1, 1, 1, 2, 0, 2, -1, 2, 2, 2, -1, 4, 4, 4, 2, 2, 0, -1, 2, 2, -1, 2, -1, 2, 2, 2, 4, 4, 4, 4, 6, -1, 6, -1, 5, 6, 6, 6, 6, 6, 6, 6, 6, 6, 6, 6, 6, 2, 2, 2, -1, 2, -1, -1, 2, 0, 0, -1, -1, 2, -1, 0, -1, 0, -1, 2, -1, 2, -1, 2, -1, 2, 2, 0, 0, 0, 0, 2, 2, 2, 6, 6, 2, 2, 0, 2, -1, 0, 1, 1, 1, -1, 1, 2, 2, 2, 2, 0, 4, 2, -1, -1, 0, 1, 2, 2, 2, 2, 2, 2, 0, 4, 6, 4, 4, 4, 4, -1, -1, -1, 6, 6, 6, -1, 6, 6, 6, 6, 6, 6, 6, 6
700, 2, 2, 2, 0, -1, 0, 2, 2, 2, -1, 2, 0, 2, -1, 2, 2, 2, 1, 2, 0, 1, -1, 2, 2, 2, 0, 2, 2, 2, 2, 2, 2, 2, -1, -1, 2, 1, -1, 6, 1, 1, 1, 1, 2, 0, 2, -1, 2, 2, 2, -1, 4, 4, 4, 2, 2, 0, -1, 2, 2, -1, 2, -1, 2, 2, 2, 4, 4, 4, 4, 6, -1, 6, -1, 5, 6, 6, 6, 6, 6, 6, 6, 6, 6, 6, 6, 6, 2, 2, 2, -1, 2, -1, -1, 2, 0, 0, -1, -1, 2, -1, 0, -1, 0, -1, 2, -1, 2, -1, 2, -1, 2, 2, 0, 0, 0, 0, 2, 2, 2, 6, 6, 2, 2, 0, 2, -1, 0, 1, 1, 1, -1, 1, 2, 2, 2, 2, 0, 4, 2, -1, -1, 0, 1, 2, 2, 2, 2, 2, 2, 0, 4, 6, 4, 4, 4, 4, -1, -1, -1, 6, 6, 6, -1, 6, 6, 6, 6, 6, 6, 6, 6
800, 2, 2, 2, 0, -1, 0, 2, 2, 2, -1, 2, 0, 2, -1, 2, 2, 2, 1, 2, 0, 1, -1, 2, 2, 2, 0, 2, 2, 2, 2, 2, 2, 2, -1, -1, 2, 1, -1, 6, 1, 1, 1, 1, 2, 0, 2, -1, 2, 2, 2, -1, 4, 4, 4, 2, 2, 0, -1, 2, 2, -1, 2, -1, 2, 2, 2, 4, 4, 4, 4, 6, -1, 6, -1, 5, 6, 6, 6, 6, 6, 6, 6, 6, 6, 6, 6, 6, 2, 2, 2, -1, 2, -1, -1, 2, 0, 0, -1, -1, 2, -1, 0, -1, 0, -1, 2, -1, 2, -1, 2, -1, 2, 2, 0, 0, 0, 0, 2, 2, 2, 6, 6, 2, 2, 0, 2, -1, 0, 1, 1, 1, -1, 1, 2, 2, 2, 2, 0, 4, 2, -1, -1, 0, 1, 2, 2, 2, 2, 2, 2, 0, 4, 6, 4, 4, 4, 4, -1, -1, -1, 6, 6, 6, -1, 6, 6, 6, 6, 6, 6, 6, 6
900, 2, 2, 2, 0, -1, 0, 2, 2, 2, -1, 2, 0, 2, -1, 2, 2, 2, 1, 2, 0, 1, -1, 2, 2, 2, 0, 2, 2, 2, 2, 2, 2, 2, -1, -1, 2, 1, -1, 6, 1, 1, 1, 1, 2, 0, 2, -1, 2, 2, 2, -1, 4, 4, 4, 2, 2, 0, -1, 2, 2, -1, 2, -1, 2, 2, 2, 4, 4, 4, 4, 6, -1, 6, -1, 5, 6, 6, 6, 6, 6, 6, 6, 6, 6, 6, 6, 6, 2, 2, 2, -1, 2, -1, -1, 2, 0, 0, -1, -1, 2, -1, 0, -1, 0, -1, 2, -1, 2, -1, 2, -1, 2, 2, 0, 0, 0, 0, 2, 2, 2, 6, 6, 2, 2, 0, 2, -1, 0, 1, 1, 1, -1, 1, 2, 2, 2, 2, 0, 4, 2, -1, -1, 0, 1, 2, 2, 2, 2, 2, 2, 0, 4, 6, 4, 4, 4, 4, -1, -1, -1, 6, 6, 6, -1, 6, 6, 6, 6, 6, 6, 6, 6
1000, 2, 2, 2, 0, -1, 0, 2, 2, 2, -1, 2, 0, 2, -1, 2, 2, 2, 1, 2, 0, 1, -1, 2, 2, 2, 0, 2, 2, 2, 2, 2, 2, 2, -1, -1, 2, 1, -1, 6, 1, 1, 1, 1, 2, 0, 2, -1, 2, 2, 2, -1, 4, 4, 4, 2, 2, 0, -1, 2, 2, -1, 2, -1, 2, 2, 2, 4, 4, 4, 4, 6, -1, 6, -1, 5, 6, 6, 6, 6, 6, 6, 6, 6, 6, 6, 6, 6, 2, 2, 2, -1, 2, -1, -1, 2, 0, 0, -1, -1, 2, -1, 0, -1, 0, -1, 2, -1, 2, -1, 2, -1, 2, 2, 0, 0, 0, 0, 2, 2, 2, 6, 6, 2, 2, 0, 2, -1, 0, 1, 1, 1, -1, 1, 2, 2, 2, 2, 0, 4, 2, -1, -1, 0, 1, 2, 2, 2, 2, 2, 2, 0, 4, 6, 4, 4, 4, 4, -1, -1, -1, 6, 6, 6, -1, 6, 6, 6, 6, 6, 6, 6, 6
1100, 2, 2, 2, 0, -1, 0, 2, 2, 2, -1, 2, 0, 2, -1, 2, 2, 2, 1, 2, 0, 1, -1, 2, 2, 2, 0, 2, 2, 2, 2, 2, 2, 2, -1, -1, 2, 1, -1, 6, 1, 1, 1, 1, 2, 0, 2, -1, 2, 2, 2, -1, 4, 4, 4, 2, 2, 0, -1, 2, 2, -1, 2, -1, 2, 2, 2, 4, 4, 4, 4, 6, -1, 6, -1, 5, 6, 6, 6, 6, 6, 6, 6, 6, 6, 6, 6, 6, 2, 2, 2, -1, 2, -1, -1, 2, 0, 0, -1, -1, 2, -1, 0, -1, 0, -1, 2, -1, 2, -1, 2, -1, 2, 2, 0, 0, 0, 0, 2, 2, 2, 6, 6, 2, 2, 0, 2, -1, 0, 1, 1, 1, -1, 1, 2, 2, 2, 2, 0, 4, 2, -1, -1, 0, 1, 2, 2, 2, 2, 2, 2, 0, 4, 6, 4, 4, 4, 4, -1, -1, -1, 6, 6, 6, -1, 6, 6, 6, 6, 6, 6, 6, 6
1200, 2, 2, 2, 0, -1, 0, 2, 2, 2, -1, 2, 0, 2, -1, 2, 2, 2, 1, 2, 0, 1, -1, 2, 2, 2, 0, 2, 2, 2, 2, 2, 2, 2, -1, -1, 2, 1, -1, 6, 1, 1, 1, 1, 2, 0, 2, -1, 2, 2, 2, -1, 4, 4, 4, 2, 2, 0, -1, 2, 2, -1, 2, -1, 2, 2, 2, 4, 4, 4, 4, 6, -1, 6, -1, 5, 6, 6, 6, 6, 6, 6, 6, 6, 6, 6, 6, 6, 2, 2, 2, -1, 2, -1, -1, 2, 0, 0, -1, -1, 2, -1, 0, -1, 0, -1, 2, -1, 2, -1, 2, -1, 2, 2, 0, 0, 0, 0, 2, 2, 2, 6, 6, 2, 2, 0, 2, -1, 0, 1, 1, 1, -1, 1, 2, 2, 2, 2, 0, 4, 2, -1, -1, 0, 1, 2, 2, 2, 2, 2, 2, 0, 4, 6, 4, 4, 4, 4, -1, -1, -1, 6, 6, 6, -1, 6, 6, 6, 6, 6, 6, 6, 6
1300, 2, 2, 2, 0, -1, 0, 2, 2, 2, -1, 2, 0, 2, -1, 2, 2, 2, 1, 2, 0, 1, -1, 2, 2, 2, 0, 2, 2, 2, 2, 2, 2, 2, -1, -1, 2, 1, -1, 6, 1, 1, 1, 1, 2, 0, 2, -1, 2, 2, 2, -1, 4, 4, 4, 2, 2, 0, -1, 2, 2, -1, 2, -1, 2, 2, 2, 4, 4, 4, 4, 6, -1, 6, -1, 5, 6, 6, 6, 6, 6, 6, 6, 6, 6, 6, 6, 6, 2, 2, 2, -1, 2, -1, -1, 2, 0, 0, -1, -1, 2, -1, 0, -1, 0, -1, 2, -1, 2, -1, 2, -1, 2, 2, 0, 0, 0, 0, 2, 2, 2, 6, 6, 2, 2, 0, 2, -1, 0, 1, 1, 1, -1, 1, 2, 2, 2, 2, 0, 4, 2, -1, -1, 0, 1, 2, 2, 2, 2, 2, 2, 0, 4, 6, 4, 4, 4, 4, -1, -1, -1, 6, 6, 6, -1, 6, 6, 6, 6, 6, 6, 6, 6
1400, 2, 2, 1, 0, 1, 2, 2, 2, 1, 1, 2, 1, 2, 2, 2, 2, 2, 1, 2, 0, 1, 2, 2, 2, 2, 0, 1, 1, 1, 1, 2, 1, 1, 1, 1, 1, 2, 1, 1, 1, 5, 1, 1, 2, 1, 2, 1, 1, 1, 2, 2, 1, 1, 1, 2, 2, 2, 1, 2, 1, 2, 2, 2, 2, 1, 1, -1, 4, 4, 4, 6, 5, 6, 5, 5, 6, 6, 6, 6, 6, 6, 6, 6, 6, 6, 6, 6, 2, -1, 1, 1, 2, 2, 2, 2, 1, 1, 2, 2, 2, 2, 0, 2, 2, 2, 2, 2, 2, 2, 2, -1, 2, 2, 0, 0, 0, 0, 1, 1, 1, 1, 6, 1, 1, 0, 1, 1, 0, 1, 1, 1, -1, 1, 2, 1, 1, 1, 1, 4, 2, 1, 1, 2, 1, 1, 2, 2, 2, 2, 1, 2, 2, 6, 4, -1, 6, 4, -1, 5, -1, 6, 6, 6, -1, 6, 6, 6, 6, 6, 6, 6, 6
1500, 2, 2, 1, 0, 1, 2, 2, 2, 1, 1, 2, 1, 2, 2, 2, 2, 2, 1, 2, 0, 1, 2, 2, 2, 2, 0, 1, 1, 1, 1, 2, 1, 1, 1, 1, 1, 2, 1, 1, 1, 5, 1, 1, 2, 1, 2, 1, 1, 1, 2, 2, 1, 1, 1, 2, 2, 2, 1, 2, 1, 2, 2, 2, 2, 1, 1, -1, 4, 4, 4, 6, 5, 6, 5, 5, 6, 6, 6, 6, 6, 6, 6, 6, 6, 6, 6, 6, 2, -1, 1, 1, 2, 2, 2, 2, 1, 1, 2, 2, 2, 2, 0, 2, 2, 2, 2, 2, 2, 2, 2, -1, 2, 2, 0, 0, 0, 0, 1, 1, 1, 1, 6, 1, 1, 0, 1, 1, 0, 1, 1, 1, -1, 1, 2, 1, 1, 1, 1, 4, 2, 1, 1, 2, 1, 1, 2, 2, 2, 2, 1, 2, 2, 6, 4, -1, 6, 4, -1, 5, -1, 6, 6, 6, -1, 6, 6, 6, 6, 6, 6, 6, 6
1600, 2, 2, 1, 0, 1, 2, 2, 2, 1, 1, 2, 1, 2, 2, 2, 2, 2, 1, 2, 0, 1, 2, 2, 2, 2, 0, 1, 1, 1, 1, 2, 1, 1, 1, 1, 1, 2, 1, 1, 1, 5, 1, 1, 2, 1, 2, 1, 1, 1, 2, 2, 1, 1, 1, 2, 2, 2, 1, 2, 1, 2, 2, 2, 2, 1, 1, -1, 4, 4, 4, 6, 5, 6, 5, 5, 6, 6, 6, 6, 6, 6, 6, 6, 6, 6, 6, 6, 2, -1, 1, 1, 2, 2, 2, 2, 1, 1, 2, 2, 2, 2, 0, 2, 2, 2, 2, 2, 2, 2, 2, -1, 2, 2, 0, 0, 0, 0, 1, 1, 1, 1, 6, 1, 1, 0, 1, 1, 0, 1, 1, 1, -1, 1, 2, 1, 1, 1, 1, 4, 2, 1, 1, 2, 1, 1, 2, 2, 2, 2, 1, 2, 2, 6, 4, -1, 6, 4, -1, 5, -1, 6, 6, 6, -1, 6, 6, 6, 6, 6, 6, 6, 6
1700, 2, 2, 1, 0, 1, 2, 2, 2, 1, 1, 2, 1, 2, 2, 2, 2, 2, 1, 2, 0, 1, 2, 2, 2, 2, 0, 1, 1, 1, 1, 2, 1, 1, 1, 1, 1, 2, 1, 1, 1, 5, 1, 1, 2, 1, 2, 1, 1, 1, 2, 2, 1, 1, 1, 2, 2, 2, 1, 2, 1, 2, 2, 2, 2, 1, 1, -1, 4, 4, 4, 6, 5, 6, 5, 5, 6, 6, 6, 6, 6, 6, 6, 6, 6, 6, 6, 6, 2, -1, 1, 1, 2, 2, 2, 2, 1, 1, 2, 2, 2, 2, 0, 2, 2, 2, 2, 2, 2, 2, 2, -1, 2, 2, 0, 0, 0, 0, 1, 1, 1, 1, 6, 1, 1, 0, 1, 1, 0, 1, 1, 1, -1, 1, 2, 1, 1, 1, 1, 4, 2, 1, 1, 2, 1, 1, 2, 2, 2, 2, 1, 2, 2, 6, 4, -1, 6, 4, -1, 5, -1, 6, 6, 6, -1, 6, 6, 6, 6, 6, 6, 6, 6
1800, 2, 2, 1, 0, 1, 2, 2, 2, 1, 1, 2, 1, 2, 2, 2, 2, 2, 1, 2, 0, 1, 2, 2, 2, 2, 0, 1, 1, 1, 1, 2, 1, 1, 1, 1, 1, 2, 1, 1, 1, 5, 1, 1, 2, 1, 2, 1, 1, 1, 2, 2, 1, 1, 1, 2, 2, 2, 1, 2, 1, 2, 2, 2, 2, 1, 1, -1, 4, 4, 4, 6, 5, 6, 5, 5, 6, 6, 6, 6, 6, 6, 6, 6, 6, 6, 6, 6, 2, -1, 1, 1, 2, 2, 2, 2, 1, 1, 2, 2, 2, 2, 0, 2, 2, 2, 2, 2, 2, 2, 2, -1, 2, 2, 0, 0, 0, 0, 1, 1, 1, 1, 6, 1, 1, 0, 1, 1, 0, 1, 1, 1, -1, 1, 2, 1, 1, 1, 1, 4, 2, 1, 1, 2, 1, 1, 2, 2, 2, 2, 1, 2, 2, 6, 4, -1, 6, 4, -1, 5, -1, 6, 6, 6, -1, 6, 6, 6, 6, 6, 6, 6, 6
1900, 2, 2, 1, 0, 1, 2, 2, 2, 1, 1, 2, 1, 2, 2, 2, 2, 2, 1, 2, 0, 1, 2, 2, 2, 2, 0, 1, 1, 1, 1, 2, 1, 1, 1, 1, 1, 2, 1, 1, 1, 5, 1, 1, 2, 1, 2, 1, 1, 1, 2, 2, 1, 1, 1, 2, 2, 2, 1, 2, 1, 2, 2, 2, 2, 1, 1, -1, 4, 4, 4, 6, 5, 6, 5, 5, 6, 6, 6, 6, 6, 6, 6, 6, 6, 6, 6, 6, 2, -1, 1, 1, 2, 2, 2, 2, 1, 1, 2, 2, 2, 2, 0, 2, 2, 2, 2, 2, 2, 2, 2, -1, 2, 2, 0, 0, 0, 0, 1, 1, 1, 1, 6, 1, 1, 0, 1, 1, 0, 1, 1, 1, -1, 1, 2, 1, 1, 1, 1, 4, 2, 1, 1, 2, 1, 1, 2, 2, 2, 2, 1, 2, 2, 6, 4, -1, 6, 4, -1, 5, -1, 6, 6, 6, -1, 6, 6, 6, 6, 6, 6, 6, 6
2000, 2, 2, 1, 0, 1, 2, 2, 2, 1, 1, 2, 1, 2, 2, 2, 2, 2, 1, 2, 0, 1, 2, 2, 2, 2, 0, 1, 1, 1, 1, 2, 1, 1, 1, 1, 1, 2, 1, 1, 1, 5, 1, 1, 2, 1, 2, 1, 1, 1, 2, 2, 1, 1, 1, 2, 2, 2, 1, 2, 1, 2, 2, 2, 2, 1, 1, -1, 4, 4, 4, 6, 5, 6, 5, 5, 6, 6, 6, 6, 6, 6, 6, 6, 6, 6, 6, 6, 2, -1, 1, 1, 2, 2, 2, 2, 1, 1, 2, 2, 2, 2, 0, 2, 2, 2, 2, 2, 2, 2, 2, -1, 2, 2, 0, 0, 0, 0, 1, 1, 1, 1, 6, 1, 1, 0, 1, 1, 0, 1, 1, 1, -1, 1, 2, 1, 1, 1, 1, 4, 2, 1, 1, 2, 1, 1, 2, 2, 2, 2, 1, 2, 2, 6, 4, -1, 6, 4, -1, 5, -1, 6, 6, 6, -1, 6, 6, 6, 6, 6, 6, 6, 6
2100, 2, 2, 2, 0, 1, 0, 2, 2, 1, 1, 2, 6, 2, -1, 2, 2, 2, 1, 2, 0, 5, -1, 2, 2, 2, 0, 1, 1, 1, 1, 2, 1, 1, 1, 6, 6, 1, 6, 6, 5, 5, 1, 1, 2, 1, 2, 1, 1, 1, 2, -1, 6, 6, 6, 2, 2, 0, 1, 2, 2, -1, 2, -1, 2, 1, 6, 6, 4, 4, 4, 6, 6, 6, 5, 5, 6, 6, 6, 6, 6, 6, 6, 6, 6, 6, 6, 6, 2, 2, 1, 1, 2, -1, -1, 2, 1, 1, -1, -1, 2, -1, 0, -1, 0, -1, 2, -1, 2, -1, 2, 5, 2, 2, 0, 0, 0, 0, 1, 1, 1, 1, 6, 6, 1, 0, 6, 6, 0, 5, 1, 1, -1, 1, 2, 1, 1, 1, 1, 4, 2, 1, 1, 2, 1, 1, 2, 2, 2, 2, 6, 2, 2, 4, 4, 6, 6, 4, 5, 6, 5, 6, 6, 6, 6, 6, 6, 6, 6, 6, 6, 6, 6
2200, 2, 2, 2, 0, 1, 0, 2, 2, 1, 1, 2, 6, 2, -1, 2, 2, 2, 1, 2, 0, 5, -1, 2, 2, 2, 0, 1, 1, 1, 1, 2, 1, 1, 1, 6, 6, 1, 6, 6, 5, 5, 1, 1, 2, 1, 2, 1, 1, 1, 2, -1, 6, 6, 6, 2, 2, 0, 1, 2, 2, -1, 2, -1, 2, 1, 6, 6, 4, 4, 4, 6, 6, 6, 5, 5, 6, 6, 6, 6, 6, 6, 6, 6, 6, 6, 6, 6, 2, 2, 1, 1, 2, -1, -1, 2, 1, 1, -1, -1, 2, -1, 0, -1, 0, -1, 2, -1, 2, -1, 2, 5, 2, 2, 0, 0, 0, 0, 1, 1, 1, 1, 6, 6, 1, 0, 6, 6, 0, 5, 1, 1, -1, 1, 2, 1, 1, 1, 1, 4, 2, 1, 1, 2, 1, 1, 2, 2, 2, 2, 6, 2, 2, 4, 4, 6, 6, 4, 5, 6, 5, 6, 6, 6, 6, 6, 6, 6, 6, 6, 6, 6, 6
2300, 2, 2, 2, 0, 1, 0, 2, 2, 1, 1, 2, 6, 2, -1, 2, 2, 2, 1, 2, 0, 5, -1, 2, 2, 2, 0, 1, 1, 1, 1, 2, 1, 1, 1, 6, 6, 1, 6, 6, 5, 5, 1, 1, 2, 1, 2, 1, 1, 1, 2, -1, 6, 6, 6, 2, 2, 0, 1, 2, 2, -1, 2, -1, 2, 1, 6, 6, 4, 4, 4, 6, 6, 6, 5, 5, 6, 6, 6, 6, 6, 6, 6, 6, 6, 6, 6, 6, 2, 2, 1, 1, 2, -1, -1, 2, 1, 1, -1, -1, 2, -1, 0, -1, 0, -1, 2, -1, 2, -1, 2, 5, 2, 2, 0, 0, 0, 0, 1, 1, 1, 1, 6, 6, 1, 0, 6, 6, 0, 5, 1, 1, -1, 1, 2, 1, 1, 1, 1, 4, 2, 1, 1, 2, 1, 1, 2, 2, 2, 2, 6, 2, 2, 4, 4, 6, 6, 4, 5, 6, 5, 6, 6, 6, 6, 6, 6, 6, 6, 6, 6, 6, 6
2400, 2, 2, 2, 0, 1, 0, 2, 2, 1, 1, 2, 6, 2, -1, 2, 2, 2, 1, 2, 0, 5, -1, 2, 2, 2, 0, 1, 1, 1, 1, 2, 1, 1, 1, 6, 6, 1, 6, 6, 5, 5, 1, 1, 2, 1, 2, 1, 1, 1, 2, -1, 6, 6, 6, 2, 2, 0, 1, 2, 2, -1, 2, -1, 2, 1, 6, 6, 4, 4, 4, 6, 6, 6, 5, 5, 6, 6, 6, 6, 6, 6, 6, 6, 6, 6, 6, 6, 2, 2, 1, 1, 2, -1, -1, 2, 1, 1, -1, -1, 2, -1, 0, -1, 0, -1, 2, -1, 2, -1, 2, 5, 2, 2, 0, 0, 0, 0, 1, 1, 1, 1, 6, 6, 1, 0, 6, 6, 0, 5, 1, 1, -1, 1, 2, 1, 1, 1, 1, 4, 2, 1, 1, 2, 1, 1, 2, 2, 2, 2, 6, 2, 2, 4, 4, 6, 6, 4, 5, 6, 5, 6, 6, 6, 6, 6, 6, 6, 6, 6, 6, 6, 6
2500, 2, 2, 2, 0, 1, 0, 2, 2, 1, 1, 2, 6, 2, -1, 2, 2, 2, 1, 2, 0, 5, -1, 2, 2, 2, 0, 1, 1, 1, 1, 2, 1, 1, 1, 6, 6, 1, 6, 6, 5, 5, 1, 1, 2, 1, 2, 1, 1, 1, 2, -1, 6, 6, 6, 2, 2, 0, 1, 2, 2, -1, 2, -1, 2, 1, 6, 6, 4, 4, 4, 6, 6, 6, 5, 5, 6, 6, 6, 6, 6, 6, 6, 6, 6, 6, 6, 6, 2, 2, 1, 1, 2, -1, -1, 2, 1, 1, -1, -1, 2, -1, 0, -1, 0, -1, 2, -1, 2, -1, 2, 5, 2, 2, 0, 0, 0, 0, 1, 1, 1, 1, 6, 6, 1, 0, 6, 6, 0, 5, 1, 1, -1, 1, 2, 1, 1, 1, 1, 4, 2, 1, 1, 2, 1, 1, 2, 2, 2, 2, 6, 2, 2, 4, 4, 6, 6, 4, 5, 6, 5, 6, 6, 6, 6, 6, 6, 6, 6, 6, 6, 6, 6
2600, 2, 2, 2, 0, 1, 0, 2, 2, 1, 1, 2, 6, 2, -1, 2, 2, 2, 1, 2, 0, 5, -1, 2, 2, 2, 0, 1, 1, 1, 1, 2, 1, 1, 1, 6, 6, 1, 6, 6, 5, 5, 1, 1, 2, 1, 2, 1, 1, 1, 2, -1, 6, 6, 6, 2, 2, 0, 1, 2, 2, -1, 2, -1, 2, 1, 6, 6, 4, 4, 4, 6, 6, 6, 5, 5, 6, 6, 6, 6, 6, 6, 6, 6, 6, 6, 6, 6, 2, 2, 1, 1, 2, -1, -1, 2, 1, 1, -1, -1, 2, -1, 0, -1, 0, -1, 2, -1, 2, -1, 2, 5, 2, 2, 0, 0, 0, 0, 1, 1, 1, 1, 6, 6, 1, 0, 6, 6, 0, 5, 1, 1, -1, 1, 2, 1, 1, 1, 1, 4, 2, 1, 1, 2, 1, 1, 2, 2, 2, 2, 6, 2, 2, 4, 4, 6, 6, 4, 5, 6, 5, 6, 6, 6, 6, 6, 6, 6, 6, 6, 6, 6, 6
2700, 2, 2, 2, 0, 1, 0, 2, 2, 1, 1, 2, 6, 2, -1, 2, 2, 2, 1, 2, 0, 5, -1, 2, 2, 2, 0, 1, 1, 1, 1, 2, 1, 1, 1, 6, 6, 1, 6, 6, 5, 5, 1, 1, 2, 1, 2, 1, 1, 1, 2, -1, 6, 6, 6, 2, 2, 0, 1, 2, 2, -1, 2, -1, 2, 1, 6, 6, 4, 4, 4, 6, 6, 6, 5, 5, 6, 6, 6, 6, 6, 6, 6, 6, 6, 6, 6, 6, 2, 2, 1, 1, 2, -1, -1, 2, 1, 1, -1, -1, 2, -1, 0, -1, 0, -1, 2, -1, 2, -1, 2, 5, 2, 2, 0, 0, 0, 0, 1, 1, 1, 1, 6, 6, 1, 0, 6, 6, 0, 5, 1, 1, -1, 1, 2, 1, 1, 1, 1, 4, 2, 1, 1, 2, 1, 1, 2, 2, 2, 2, 6, 2, 2, 4, 4, 6, 6, 4, 5, 6, 5, 6, 6, 6, 6, 6, 6, 6, 6, 6, 6, 6, 6
2800, 2, 2, 2, 0, 1, 0, 2, 2, 1, 1, 2, 6, 2, -1, 2, 2, 2, 1, 2, 0, 5, -1, 2, 2, 2, 0, 1, 1, 1, 1, 2, 1, 1, 1, 6, 6, 1, 6, 6, 5, 5, 1, 1, 2, 1, 2, 1, 1, 1, 2, -1, 6, 6, 6, 2, 2, 0, 1, 2, 2, -1, 2, -1, 2, 1, 6, 6, 4, 4, 4, 6, 6, 6, 5, 5, 6, 6, 6, 6, 6, 6, 6, 6, 6, 6, 6, 6, 2, 2, 1, 1, 2, -1, -1, 2, 1, 1, -1, -1, 2, -1, 0, -1, 0, -1, 2, -1, 2, -1, 2, 5, 2, 2, 0, 0, 0, 0, 1, 1, 1, 1, 6, 6, 1, 0, 6, 6, 0, 5, 1, 1, -1, 1, 2, 1, 1, 1, 1, 4, 2, 1, 1, 2, 1, 1, 2, 2, 2, 2, 6, 2, 2, 4, 4, 6, 6, 4, 5, 6, 5, 6, 6, 6, 6, 6, 6, 6, 6, 6, 6, 6, 6
2900, 2, 2, 2, 0, 1, 0, 2, 2, 1, 1, 2, 1, 2, -1, 2, 2, 0, 1, -1, 0, 1, -1, 2, 2, 2, 0, 1, 1, 1, 1, 2, 1, 1, 1, 1, 1, 1, 1, 1, 1, 5, 1, 1, 2, 1, 2, 1, 1, 1, 2, -1, 1, 1, 1, 2, 2, 0, 1, 2, 1, -1, 2, -1, 2, 1, 1, -1, 4, 4, 4, 4, 5, 6, 5, 5, 6, 6, 6, 6, 6, 6, 6, 6, 6, 6, 6, 6, 2, 2, 1, 1, 2, -1, -1, 2, 1, 1, -1, -1, 2, -1, 0, -1, 0, -1, 2, -1, 2, -1, 2, -1, 2, 2, 0, 0, 0, 0, 1, 1, 1, 1, 6, 1, 1, 0, 1, 1, 0, 1, 1, 1, -1, 1, 2, 1, 1, 1, 1, 4, 2, 1, 1, 2, 1, 1, 1, 2, 2, 2, 1, 2, 2, 4, 4, -1, 6, 4, -1, 5, -1, 6, 6, 6, -1, 6, 6, 6, 6, 6, 6, 6, 6
3000, 2, 2, 2, 0, 1, 0, 2, 2, 1, 1, 2, 1, 2, -1, 2, 2, 0, 1, -1, 0, 1, -1, 2, 2, 2, 0, 1, 1, 1, 1, 2, 1, 1, 1, 1, 1, 1, 1, 1, 1, 5, 1, 1, 2, 1, 2, 1, 1, 1, 2, -1, 1, 1, 1, 2, 2, 0, 1, 2, 1, -1, 2, -1, 2, 1, 1, -1, 4, 4, 4, 4, 5, 6, 5, 5, 6, 6, 6, 6, 6, 6, 6, 6, 6, 6, 6, 6, 2, 2, 1, 1, 2, -1, -1, 2, 1, 1, -1, -1, 2, -1, 0, -1, 0, -1, 2, -1, 2, -1, 2, -1, 2, 2, 0, 0, 0, 0, 1, 1, 1, 1, 6, 1, 1, 0, 1, 1, 0, 1, 1, 1, -1, 1, 2, 1, 1, 1, 1, 4, 2, 1, 1, 2, 1, 1, 1, 2, 2, 2, 1, 2, 2, 4, 4, -1, 6, 4, -1, 5, -1, 6, 6, 6, -1, 6, 6, 6, 6, 6, 6, 6, 6
3100, 2, 2, 2, 0, 1, 0, 2, 2, 1, 1, 2, 1, 2, -1, 2, 2, 0, 1, -1, 0, 1, -1, 2, 2, 2, 0, 1, 1, 1, 1, 2, 1, 1, 1, 1, 1, 1, 1, 1, 1, 5, 1, 1, 2, 1, 2, 1, 1, 1, 2, -1, 1, 1, 1, 2, 2, 0, 1, 2, 1, -1, 2, -1, 2, 1, 1, -1, 4, 4, 4, 4, 5, 6, 5, 5, 6, 6, 6, 6, 6, 6, 6, 6, 6, 6, 6, 6, 2, 2, 1, 1, 2, -1, -1, 2, 1, 1, -1, -1, 2, -1, 0, -1, 0, -1, 2, -1, 2, -1, 2, -1, 2, 2, 0, 0, 0, 0, 1, 1, 1, 1, 6, 1, 1, 0, 1, 1, 0, 1, 1, 1, -1, 1, 2, 1, 1, 1, 1, 4, 2, 1, 1, 2, 1, 1, 1, 2, 2, 2, 1, 2, 2, 4, 4, -1, 6, 4, -1, 5, -1, 6, 6, 6, -1, 6, 6, 6, 6, 6, 6, 6, 6
3200, 2, 2, 2, 0, 1, 0, 2, 2, 1, 1, 2, 1, 2, -1, 2, 2, 0, 1, -1, 0, 1, -1, 2, 2, 2, 0, 1, 1, 1, 1, 2, 1, 1, 1, 1, 1, 1, 1, 1, 1, 5, 1, 1, 2, 1, 2, 1, 1, 1, 2, -1, 1, 1, 1, 2, 2, 0, 1, 2, 1, -1, 2, -1, 2, 1, 1, -1, 4, 4, 4, 4, 5, 6, 5, 5, 6, 6, 6, 6, 6, 6, 6, 6, 6, 6, 6, 6, 2, 2, 1, 1, 2, -1, -1, 2, 1, 1, -1, -1, 2, -1, 0, -1, 0, -1, 2, -1, 2, -1, 2, -1, 2, 2, 0, 0, 0, 0, 1, 1, 1, 1, 6, 1, 1, 0, 1, 1, 0, 1, 1, 1, -1, 1, 2, 1, 1, 1, 1, 4, 2, 1, 1, 2, 1, 1, 1, 2, 2, 2, 1, 2, 2, 4, 4, -1, 6, 4, -1, 5, -1, 6, 6, 6, -1, 6, 6, 6, 6, 6, 6, 6, 6
3300, 2, 2, 1, 0, 1, 2, 2, 2, 1, 1, 2, 1, 2, 2, 2, 2, 2, 1, 2, 0, 1, 2, 2, 2, 2, 0, 1, 1, 1, 1, 2, 1, 1, 1, 1, 1, 2, 1, 1, 1, 5, 1, 1, 2, 1, 2, 1, 1, 1, 2, 2, 1, 1, 1, 2, 2, 2, 1, 2, 1, 2, 2, 2, 2, 1, 1, -1, 4, 4, 4, 4, 5, 6, 5, 5, 6, 6, 6, 6, 6, 6, 6, 6, 6, 6, 6, 6, 2, -1, 1, 1, 2, 2, 2, 2, 1, 1, 2, 2, 2, 2, 0, 2, 2, 2, 2, 2, 2, 2, 2, -1, 2, 2, 0, 0, 0, 0, 1, 1, 1, 1, 6, 1, 1, 0, 1, 1, 0, 1, 1, 1, -1, 1, 2, 1, 1, 1, 1, 4, 2, 1, 1, 2, 1, 1, 2, 2, 2, 2, 1, 2, 2, 4, 4, -1, 6, 4, -1, 5, 5, 6, 6, 6, -1, 6, 6, 6, 6, 6, 6, 6, 6
3400, -1, 2, 1, 0, 1, 0, 2, 2, 1, 1, 2, 1, 2, 2, 2, 2, 0, 1, -1, 0, 0, 2, 2, 2, 2, 0, 1, 1, 1, 1, -1, 1, 1, 1, 1, 1, 0, 1, 1, 0, 5, 1, 1, 2, 1, 2, 1, 1, 1, 2, 2, 1, 1, 1, 2, -1, 0, 1, 2, 1, 2, 2, 2, 2, 1, 1, -1, 4, 4, 4, 4, 5, 6, 5, 5, 6, 6, 6, 6, 6, 6, 6, 6, 6, 6, 6, 6, 2, -1, 1, 1, 2, 2, 2, 2, 1, 1, 2, 2, 2, 2, 0, 2, 0, 2, 2, 2, 2, -1, 2, -1, -1, 0, 0, 0, 0, 0, 1, 1, 1, 1, 6, 1, 1, 0, 1, 1, 0, 1, 1, 1, -1, 1, 2, 1, 1, 1, 1, 4, -1, 1, 1, 0, 1, 1, 1, 2, 2, 2, 1, 0, -1, 4, 4, -1, 6, 4, -1, 5, 5, 6, 6, 6, -1, 6, 6, 6, 6, 6, 6, 6, 6
3500, -1, 2, 1, 0, 1, 0, 2, 2, 1, 1, 2, 1, 2, 2, 2, 2, 0, 1, -1, 0, 0, 2, 2, 2, 2, 0, 1, 1, 1, 1, -1, 1, 1, 1, 1, 1, 0, 1, 1, 0, 5, 1, 1, 2, 1, 2, 1, 1, 1, 2, 2, 1, 1, 1, 2, -1, 0, 1, 2, 1, 2, 2, 2, 2, 1, 1, -1, 4, 4, 4, 4, 5, 6, 5, 5, 6, 6, 6, 6, 6, 6, 6, 6, 6, 6, 6, 6, 2, -1, 1, 1, 2, 2, 2, 2, 1, 1, 2, 2, 2, 2, 0, 2, 0, 2, 2, 2, 2, -1, 2, -1, -1, 0, 0, 0, 0, 0, 1, 1, 1, 1, 6, 1, 1, 0, 1, 1, 0, 1, 1, 1, -1, 1, 2, 1, 1, 1, 1, 4, -1, 1, 1, 0, 1, 1, 1, 2, 2, 2, 1, 0, -1, 4, 4, -1, 6, 4, -1, 5, 5, 6, 6, 6, -1, 6, 6, 6, 6, 6, 6, 6, 6
3600, -1, 2, 1, 0, 1, 0, 2, 2, 1, 1, 2, 1, 2, 2, 2, 2, 0, 1, -1, 0, 0, 2, 2, 2, 2, 0, 1, 1, 1, 1, -1, 1, 1, 1, 1, 1, 0, 1, 1, 0, 5, 1, 1, 2, 1, 2, 1, 1, 1, 2, 2, 1, 1, 1, 2, -1, 0, 1, 2, 1, 2, 2, 2, 2, 1, 1, -1, 4, 4, 4, 4, 5, 6, 5, 5, 6, 6, 6, 6, 6, 6, 6, 6, 6, 6, 6, 6, 2, -1, 1, 1, 2, 2, 2, 2, 1, 1, 2, 2, 2, 2, 0, 2, 0, 2, 2, 2, 2, -1, 2, -1, -1, 0, 0, 0, 0, 0, 1, 1, 1, 1, 6, 1, 1, 0, 1, 1, 0, 1, 1, 1, -1, 1, 2, 1, 1, 1, 1, 4, -1, 1, 1, 0, 1, 1, 1, 2, 2, 2, 1, 0, -1, 4, 4, -1, 6, 4, -1, 5, 5, 6, 6, 6, -1, 6, 6, 6, 6, 6, 6, 6, 6
3700, -1, 2, 1, 0, 1, 0, 2, 2, 1, 1, 2, 1, 2, 2, 2, 2, 0, 1, -1, 0, 0, 2, 2, 2, 2, 0, 1, 1, 1, 1, -1, 1, 1, 1, 1, 1, 0, 1, 1, 0, 5, 1, 1, 2, 1, 2, 1, 1, 1, 2, 2, 1, 1, 1, 2, -1, 0, 1, 2, 1, 2, 2, 2, 2, 1, 1, -1, 4, 4, 4, 4, 5, 6, 5, 5, 6, 6, 6, 6, 6, 6, 6, 6, 6, 6, 6, 6, 2, -1, 1, 1, 2, 2, 2, 2, 1, 1, 2, 2, 2, 2, 0, 2, 0, 2, 2, 2, 2, -1, 2, -1, -1, 0, 0, 0, 0, 0, 1, 1, 1, 1, 6, 1, 1, 0, 1, 1, 0, 1, 1, 1, -1, 1, 2, 1, 1, 1, 1, 4, -1, 1, 1, 0, 1, 1, 1, 2, 2, 2, 1, 0, -1, 4, 4, -1, 6, 4, -1, 5, 5, 6, 6, 6, -1, 6, 6, 6, 6, 6, 6, 6, 6
3800, -1, 2, 1, 0, 1, 0, 2, 2, 1, 1, 2, 1, 2, 2, 2, 2, 0, 1, -1, 0, 0, 2, 2, 2, 2, 0, 1, 1, 1, 1, -1, 1, 1, 1, 1, 1, 0, 1, 1, 0, 5, 1, 1, 2, 1, 2, 1, 1, 1, 2, 2, 1, 1, 1, 2, -1, 0, 1, 2, 1, 2, 2, 2, 2, 1, 1, -1, 4, 4, 4, 4, 5, 6, 5, 5, 6, 6, 6, 6, 6, 6, 6, 6, 6, 6, 6, 6, 2, -1, 1, 1, 2, 2, 2, 2, 1, 1, 2, 2, 2, 2, 0, 2, 0, 2, 2, 2, 2, -1, 2, -1, -1, 0, 0, 0, 0, 0, 1, 1, 1, 1, 6, 1, 1, 0, 1, 1, 0, 1, 1, 1, -1, 1, 2, 1, 1, 1, 1, 4, -1, 1, 1, 0, 1, 1, 1, 2, 2, 2, 1, 0, -1, 4, 4, -1, 6, 4, -1, 5, 5, 6, 6, 6, -1, 6, 6, 6, 6, 6, 6, 6, 6
3900, -1, 2, 1, 0, 1, 0, 2, 2, 1, 1, 2, 1, 2, 2, 2, 2, 0, 1, -1, 0, 0, 2, 2, 2, 2, 0, 1, 1, 1, 1, -1, 1, 1, 1, 1, 1, 0, 1, 1, 0, 5, 1, 1, 2, 1, 2, 1, 1, 1, 2, 2, 1, 1, 1, 2, -1, 0, 1, 2, 1, 2, 2, 2, 2, 1, 1, -1, 4, 4, 4, 4, 5, 6, 5, 5, 6, 6, 6, 6, 6, 6, 6, 6, 6, 6, 6, 6, 2, -1, 1, 1, 2, 2, 2, 2, 1, 1, 2, 2, 2, 2, 0, 2, 0, 2, 2, 2, 2, -1, 2, -1, -1, 0, 0, 0, 0, 0, 1, 1, 1, 1, 6, 1, 1, 0, 1, 1, 0, 1, 1, 1, -1, 1, 2, 1, 1, 1, 1, 4, -1, 1, 1, 0, 1, 1, 1, 2, 2, 2, 1, 0, -1, 4, 4, -1, 6, 4, -1, 5, 5, 6, 6, 6, -1, 6, 6, 6, 6, 6, 6, 6, 6
4000, -1, 2, 1, 0, 1, 0, 2, 2, 1, 1, 2, 1, 2, 2, 2, 2, 0, 1, -1, 0, 0, 2, 2, 2, 2, 0, 1, 1, 1, 1, -1, 1, 1, 1, 1, 1, 0, 1, 1, 0, 5, 1, 1, 2, 1, 2, 1, 1, 1, 2, 2, 1, 1, 1, 2, -1, 0, 1, 2, 1, 2, 2, 2, 2, 1, 1, -1, 4, 4, 4, 4, 5, 6, 5, 5, 6, 6, 6, 6, 6, 6, 6, 6, 6, 6, 6, 6, 2, -1, 1, 1, 2, 2, 2, 2, 1, 1, 2, 2, 2, 2, 0, 2, 0, 2, 2, 2, 2, -1, 2, -1, -1, 0, 0, 0, 0, 0, 1, 1, 1, 1, 6, 1, 1, 0, 1, 1, 0, 1, 1, 1, -1, 1, 2, 1, 1, 1, 1, 4, -1, 1, 1, 0, 1, 1, 1, 2, 2, 2, 1, 0, -1, 4, 4, -1, 6, 4, -1, 5, 5, 6, 6, 6, -1, 6, 6, 6, 6, 6, 6, 6, 6
4100, -1, 2, 1, 0, 1, 0, 2, 2, 1, 1, 2, 1, 2, 2, 2, 2, 0, 1, -1, 0, 0, 2, 2, 2, 2, 0, 1, 1, 1, 1, -1, 1, 1, 1, 1, 1, 0, 1, 1, 0, 5, 1, 1, 2, 1, 2, 1, 1, 1, 2, 2, 1, 1, 1, 2, -1, 0, 1, 2, 1, 2, 2, 2, 2, 1, 1, -1, 4, 4, 4, 4, 5, 6, 5, 5, 6, 6, 6, 6, 6, 6, 6, 6, 6, 6, 6, 6, 2, -1, 1, 1, 2, 2, 2, 2, 1, 1, 2, 2, 2, 2, 0, 2, 0, 2, 2, 2, 2, -1, 2, -1, -1, 0, 0, 0, 0, 0, 1, 1, 1, 1, 6, 1, 1, 0, 1, 1, 0, 1, 1, 1, -1, 1, 2, 1, 1, 1, 1, 4, -1, 1, 1, 0, 1, 1, 1, 2, 2, 2, 1, 0, -1, 4, 4, -1, 6, 4, -1, 5, 5, 6, 6, 6, -1, 6, 6, 6, 6, 6, 6, 6, 6
4200, -1, 2, 1, 0, 1, 0, 2, 2, 1, 1, 2, 1, 2, 2, 2, 2, 0, 1, -1, 0, 0, 2, 2, 2, 2, 0, 1, 1, 1, 1, -1, 1, 1, 1, 1, 1, 0, 1, 1, 0, 5, 1, 1, 2, 1, 2, 1, 1, 1, 2, 2, 1, 1, 1, 2, -1, 0, 1, 2, 1, 2, 2, 2, 2, 1, 1, -1, 4, 4, 4, 4, 5, 6, 5, 5, 6, 6, 6, 6, 6, 6, 6, 6, 6, 6, 6, 6, 2, -1, 1, 1, 2, 2, 2, 2, 1, 1, 2, 2, 2, 2, 0, 2, 0, 2, 2, 2, 2, -1, 2, -1, -1, 0, 0, 0, 0, 0, 1, 1, 1, 1, 6, 1, 1, 0, 1, 1, 0, 1, 1, 1, -1, 1, 2, 1, 1, 1, 1, 4, -1, 1, 1, 0, 1, 1, 1, 2, 2, 2, 1, 0, -1, 4, 4, -1, 6, 4, -1, 5, 5, 6, 6, 6, -1, 6, 6, 6, 6, 6, 6, 6, 6
4300, -1, 2, 1, 0, 1, 0, 2, 2, 1, 1, 2, 1, 2, 2, 2, 2, 0, 1, -1, 0, 0, 2, 2, 2, 2, 0, 1, 1, 1, 1, -1, 1, 1, 1, 1, 1, 0, 1, 1, 0, 5, 1, 1, 2, 1, 2, 1, 1, 1, 2, 2, 1, 1, 1, 2, -1, 0, 1, 2, 1, 2, 2, 2, 2, 1, 1, -1, 4, 4, 4, 4, 5, 6, 5, 5, 6, 6, 6, 6, 6, 6, 6, 6, 6, 6, 6, 6, 2, -1, 1, 1, 2, 2, 2, 2, 1, 1, 2, 2, 2, 2, 0, 2, 0, 2, 2, 2, 2, -1, 2, -1, -1, 0, 0, 0, 0, 0, 1, 1, 1, 1, 6, 1, 1, 0, 1, 1, 0, 1, 1, 1, -1, 1, 2, 1, 1, 1, 1, 4, -1, 1, 1, 0, 1, 1, 1, 2, 2, 2, 1, 0, -1, 4, 4, -1, 6, 4, -1, 5, 5, 6, 6, 6, -1, 6, 6, 6, 6, 6, 6, 6, 6
4400, -1, 2, 1, 0, 1, 0, 2, 2, 1, 1, 2, 1, 2, 2, 2, 2, 0, 1, -1, 0, 0, 2, 2, 2, 2, 0, 1, 1, 1, 1, -1, 1, 1, 1, 1, 1, 0, 1, 1, 0, 5, 1, 1, 2, 1, 2, 1, 1, 1, 2, 2, 1, 1, 1, 2, -1, 0, 1, 2, 1, 2, 2, 2, 2, 1, 1, -1, 4, 4, 4, 4, 5, 6, 5, 5, 6, 6, 6, 6, 6, 6, 6, 6, 6, 6, 6, 6, 2, -1, 1, 1, 2, 2, 2, 2, 1, 1, 2, 2, 2, 2, 0, 2, 0, 2, 2, 2, 2, -1, 2, -1, -1, 0, 0, 0, 0, 0, 1, 1, 1, 1, 6, 1, 1, 0, 1, 1, 0, 1, 1, 1, -1, 1, 2, 1, 1, 1, 1, 4, -1, 1, 1, 0, 1, 1, 1, 2, 2, 2, 1, 0, -1, 4, 4, -1, 6, 4, -1, 5, 5, 6, 6, 6, -1, 6, 6, 6, 6, 6, 6, 6, 6
4500, -1, 2, 1, 0, 1, 0, 2, 2, 1, 1, 2, 1, 2, 2, 2, 2, 0, 1, -1, 0, 0, 2, 2, 2, 2, 0, 1, 1, 1, 1, -1, 1, 1, 1, 1, 1, 0, 1, 1, 0, 5, 1, 1, 2, 1, 2, 1, 1, 1, 2, 2, 1, 1, 1, 2, -1, 0, 1, 2, 1, 2, 2, 2, 2, 1, 1, -1, 4, 4, 4, 4, 5, 6, 5, 5, 6, 6, 6, 6, 6, 6, 6, 6, 6, 6, 6, 6, 2, -1, 1, 1, 2, 2, 2, 2, 1, 1, 2, 2, 2, 2, 0, 2, 0, 2, 2, 2, 2, -1, 2, -1, -1, 0, 0, 0, 0, 0, 1, 1, 1, 1, 6, 1, 1, 0, 1, 1, 0, 1, 1, 1, -1, 1, 2, 1, 1, 1, 1, 4, -1, 1, 1, 0, 1, 1, 1, 2, 2, 2, 1, 0, -1, 4, 4, -1, 6, 4, -1, 5, 5, 6, 6, 6, -1, 6, 6, 6, 6, 6, 6, 6, 6
4600, -1, 2, 1, 0, 1, 0, 2, 2, 1, 1, 2, 1, 2, 2, 2, 2, 0, 1, -1, 0, 0, 2, 2, 2, 2, 0, 1, 1, 1, 1, -1, 1, 1, 1, 1, 1, 0, 1, 1, 0, 5, 1, 1, 2, 1, 2, 1, 1, 1, 2, 2, 1, 1, 1, 2, -1, 0, 1, 2, 1, 2, 2, 2, 2, 1, 1, -1, 4, 4, 4, 4, 5, 6, 5, 5, 6, 6, 6, 6, 6, 6, 6, 6, 6, 6, 6, 6, 2, -1, 1, 1, 2, 2, 2, 2, 1, 1, 2, 2, 2, 2, 0, 2, 0, 2, 2, 2, 2, -1, 2, -1, -1, 0, 0, 0, 0, 0, 1, 1, 1, 1, 6, 1, 1, 0, 1, 1, 0, 1, 1, 1, -1, 1, 2, 1, 1, 1, 1, 4, -1, 1, 1, 0, 1, 1, 1, 2, 2, 2, 1, 0, -1, 4, 4, -1, 6, 4, -1, 5, 5, 6, 6, 6, -1, 6, 6, 6, 6, 6, 6, 6, 6
4700, -1, 2, 1, 0, 1, 0, 2, 2, 1, 1, 2, 1, 2, 2, 2, 2, 0, 1, -1, 0, 0, 2, 2, 2, 2, 0, 1, 1, 1, 1, -1, 1, 1, 1, 1, 1, 0, 1, 1, 0, 5, 1, 1, 2, 1, 2, 1, 1, 1, 2, 2, 1, 1, 1, 2, -1, 0, 1, 2, 1, 2, 2, 2, 2, 1, 1, -1, 4, 4, 4, 4, 5, 6, 5, 5, 6, 6, 6, 6, 6, 6, 6, 6, 6, 6, 6, 6, 2, -1, 1, 1, 2, 2, 2, 2, 1, 1, 2, 2, 2, 2, 0, 2, 0, 2, 2, 2, 2, -1, 2, -1, -1, 0, 0, 0, 0, 0, 1, 1, 1, 1, 6, 1, 1, 0, 1, 1, 0, 1, 1, 1, -1, 1, 2, 1, 1, 1, 1, 4, -1, 1, 1, 0, 1, 1, 1, 2, 2, 2, 1, 0, -1, 4, 4, -1, 6, 4, -1, 5, 5, 6, 6, 6, -1, 6, 6, 6, 6, 6, 6, 6, 6
4800, -1, 2, 1, 0, 1, 0, 2, 2, 1, 1, 2, 1, 2, 2, 2, 2, 0, 1, -1, 0, 0, 2, 2, 2, 2, 0, 1, 1, 1, 1, -1, 1, 1, 1, 1, 1, 0, 1, 1, 0, 5, 1, 1, 2, 1, 2, 1, 1, 1, 2, 2, 1, 1, 1, 2, -1, 0, 1, 2, 1, 2, 2, 2, 2, 1, 1, -1, 4, 4, 4, 4, 5, 6, 5, 5, 6, 6, 6, 6, 6, 6, 6, 6, 6, 6, 6, 6, 2, -1, 1, 1, 2, 2, 2, 2, 1, 1, 2, 2, 2, 2, 0, 2, 0, 2, 2, 2, 2, -1, 2, -1, -1, 0, 0, 0, 0, 0, 1, 1, 1, 1, 6, 1, 1, 0, 1, 1, 0, 1, 1, 1, -1, 1, 2, 1, 1, 1, 1, 4, -1, 1, 1, 0, 1, 1, 1, 2, 2, 2, 1, 0, -1, 4, 4, -1, 6, 4, -1, 5, 5, 6, 6, 6, -1, 6, 6, 6, 6, 6, 6, 6, 6
4900, -1, 2, 1, 0, 1, 0, 2, 2, 1, 1, 2, 1, 2, 2, 2, 2, 0, 1, -1, 0, 1, 2, 2, 2, 2, 0, 1, 1, 1, 1, -1, 1, 1, 1, 1, 1, 1, 1, 1, 1, 5, 1, 1, 2, 1, 2, 1, 1, 1, 2, 2, 1, 1, 1, 2, 2, 0, 1, 2, 1, 2, 2, 2, 2, 1, 1, -1, 4, 4, 4, 4, 5, 6, 5, 5, 6, 6, 6, 6, 6, 6, 6, 6, 6, 6, 6, 6, 2, -1, 1, 1, 2, 2, 2, 2, 1, 1, 2, 2, 2, 2, 0, 2, 2, 2, 2, 2, 2, 2, 2, -1, 2, 0, 0, 0, 0, 0, 1, 1, 1, 1, 6, 1, 1, 0, 1, 1, 0, 1, 1, 1, -1, 1, 2, 1, 1, 1, 1, 4, -1, 1, 1, 0, 1, 1, 1, 2, 2, 2, 1, 2, 2, 4, 4, 4, 6, 4, -1, 5, 5, 6, 6, 6, -1, 6, 6, 6, 6, 6, 6, 6, 6
5000, -1, 2, 1, 0, 1, 0, 2, 2, 1, 1, 2, 1, 2, 2, 2, 2, 0, 1, -1, 0, 1, 2, 2, 2, 2, 0, 1, 1, 1, 1, -1, 1, 1, 1, 1, 1, 1, 1, 1, 1, 5, 1, 1, 2, 1, 2, 1, 1, 1, 2, 2, 1, 1, 1, 2, 2, 0, 1, 2, 1, 2, 2, 2, 2, 1, 1, -1, 4, 4, 4, 4, 5, 6, 5, 5, 6, 6, 6, 6, 6, 6, 6, 6, 6, 6, 6, 6, 2, -1, 1, 1, 2, 2, 2, 2, 1, 1, 2, 2, 2, 2, 0, 2, 2, 2, 2, 2, 2, 2, 2, -1, 2, 0, 0, 0, 0, 0, 1, 1, 1, 1, 6, 1, 1, 0, 1, 1, 0, 1, 1, 1, -1, 1, 2, 1, 1, 1, 1, 4, -1, 1, 1, 0, 1, 1, 1, 2, 2, 2, 1, 2, 2, 4, 4, 4, 6, 4, -1, 5, 5, 6, 6, 6, -1, 6, 6, 6, 6, 6, 6, 6, 6
5100, -1, 2, 1, 0, 1, 0, 2, 2, 1, 1, 2, 1, 2, 2, 2, 2, 0, 1, -1, 0, 1, 2, 2, 2, 2, 0, 1, 1, 1, 1, -1, 1, 1, 1, 1, 1, 1, 1, 1, 1, 5, 1, 1, 2, 1, 2, 1, 1, 1, 2, 2, 1, 1, 1, 2, 2, 0, 1, 2, 1, 2, 2, 2, 2, 1, 1, -1, 4, 4, 4, 4, 5, 6, 5, 5, 6, 6, 6, 6, 6, 6, 6, 6, 6, 6, 6, 6, 2, -1, 1, 1, 2, 2, 2, 2, 1, 1, 2, 2, 2, 2, 0, 2, 2, 2, 2, 2, 2, 2, 2, -1, 2, 0, 0, 0, 0, 0, 1, 1, 1, 1, 6, 1, 1, 0, 1, 1, 0, 1, 1, 1, -1, 1, 2, 1, 1, 1, 1, 4, -1, 1, 1, 0, 1, 1, 1, 2, 2, 2, 1, 2, 2, 4, 4, 4, 6, 4, -1, 5, 5, 6, 6, 6, -1, 6, 6, 6, 6, 6, 6, 6, 6

Test:
true-label, 0, 0, 0, 0, 0, 0, 0, 0, 0, 1, 1, 1, 1, 1, 1, 2, 4, 6, 6, 6, 0, 0, 0, 0, 0, 1, 1, 1, 1, 1, 1, 1, 1, 1, 2, 2, 4, 4, 5, 5, 6, 6
0, -1, -1, -1, -1, -1, -1, 1, -1, 0, -1, -1, -1, -1, 0, 0, -1, -1, 1, 6, 6, -1, -1, -1, -1, -1, -1, 6, -1, 1, 1, 1, 1, -1, -1, -1, -1, 6, -1, -1, -1, 6, 6
100, -1, -1, -1, -1, -1, -1, 1, -1, 0, -1, -1, -1, -1, 0, 0, -1, -1, 1, 6, 6, -1, -1, -1, -1, -1, -1, 6, -1, 1, 1, 1, 1, -1, -1, -1, -1, 6, -1, -1, -1, 6, 6
200, -1, -1, -1, -1, -1, -1, 6, -1, 0, -1, -1, -1, -1, 0, 0, 6, -1, 1, 6, 6, -1, -1, -1, 6, -1, -1, 6, -1, 1, 1, 1, 1, -1, -1, -1, -1, 6, -1, -1, -1, 6, 6
300, 2, -1, -1, 2, 2, -1, 1, 2, 0, 2, 2, 2, 2, 0, 2, 2, 4, 1, 6, 6, -1, -1, 2, 2, 2, 2, 6, 4, 4, 4, 1, 1, 2, 4, 2, 2, 6, 4, -1, -1, 6, 6
400, 2, -1, -1, 2, 2, -1, 1, 2, 0, 2, 2, 2, 2, 0, 2, 2, 4, 1, 6, 6, -1, -1, 2, 2, 2, 2, 6, 4, 4, 4, 1, 1, 2, 4, 2, 2, 6, 4, -1, -1, 6, 6
500, 2, -1, -1, 2, 2, -1, 1, 2, 0, 2, 2, 2, 2, 0, 2, 2, 4, 1, 6, 6, -1, -1, 2, 2, 2, 2, 6, 4, 4, 4, 1, 1, 2, 4, 2, 2, 6, 4, -1, -1, 6, 6
600, 2, -1, -1, 2, 2, -1, 1, 2, 0, 2, 2, 2, 2, 0, 2, 2, 4, 1, 6, 6, -1, -1, 2, 2, 2, 2, 6, 4, 4, 4, 1, 1, 2, 4, 2, 2, 6, 4, -1, -1, 6, 6
700, 2, -1, -1, 2, 2, -1, 1, 2, 0, 2, 2, 2, 2, 0, 2, 2, 4, 1, 6, 6, -1, -1, 2, 2, 2, 2, 6, 4, 4, 4, 1, 1, 2, 4, 2, 2, 6, 4, -1, -1, 6, 6
800, 2, -1, -1, 2, 2, -1, 1, 2, 0, 2, 2, 2, 2, 0, 2, 2, 4, 1, 6, 6, -1, -1, 2, 2, 2, 2, 6, 4, 4, 4, 1, 1, 2, 4, 2, 2, 6, 4, -1, -1, 6, 6
900, 2, -1, -1, 2, 2, -1, 1, 2, 0, 2, 2, 2, 2, 0, 2, 2, 4, 1, 6, 6, -1, -1, 2, 2, 2, 2, 6, 4, 4, 4, 1, 1, 2, 4, 2, 2, 6, 4, -1, -1, 6, 6
1000, 2, -1, -1, 2, 2, -1, 1, 2, 0, 2, 2, 2, 2, 0, 2, 2, 4, 1, 6, 6, -1, -1, 2, 2, 2, 2, 6, 4, 4, 4, 1, 1, 2, 4, 2, 2, 6, 4, -1, -1, 6, 6
1100, 2, -1, -1, 2, 2, -1, 1, 2, 0, 2, 2, 2, 2, 0, 2, 2, 4, 1, 6, 6, -1, -1, 2, 2, 2, 2, 6, 4, 4, 4, 1, 1, 2, 4, 2, 2, 6, 4, -1, -1, 6, 6
1200, 2, -1, -1, 2, 2, -1, 1, 2, 0, 2, 2, 2, 2, 0, 2, 2, 4, 1, 6, 6, -1, -1, 2, 2, 2, 2, 6, 4, 4, 4, 1, 1, 2, 4, 2, 2, 6, 4, -1, -1, 6, 6
1300, 2, -1, -1, 2, 2, -1, 1, 2, 0, 2, 2, 2, 2, 0, 2, 2, 4, 1, 6, 6, -1, -1, 2, 2, 2, 2, 6, 4, 4, 4, 1, 1, 2, 4, 2, 2, 6, 4, -1, -1, 6, 6
1400, 2, 2, 2, 2, 2, -1, 1, 2, 0, 1, 2, 1, 1, 0, 1, 1, 4, 1, 4, 6, 1, 2, 2, 2, 2, 2, 6, 1, 4, 4, 1, 1, 1, 2, 2, 2, 6, 4, 1, 5, 6, 6
1500, 2, 2, 2, 2, 2, -1, 1, 2, 0, 1, 2, 1, 1, 0, 1, 1, 4, 1, 4, 6, 1, 2, 2, 2, 2, 2, 6, 1, 4, 4, 1, 1, 1, 2, 2, 2, 6, 4, 1, 5, 6, 6
1600, 2, 2, 2, 2, 2, -1, 1, 2, 0, 1, 2, 1, 1, 0, 1, 1, 4, 1, 4, 6, 1, 2, 2, 2, 2, 2, 6, 1, 4, 4, 1, 1, 1, 2, 2, 2, 6, 4, 1, 5, 6, 6
1700, 2, 2, 2, 2, 2, -1, 1, 2, 0, 1, 2, 1, 1, 0, 1, 1, 4, 1, 4, 6, 1, 2, 2, 2, 2, 2, 6, 1, 4, 4, 1, 1, 1, 2, 2, 2, 6, 4, 1, 5, 6, 6
1800, 2, 2, 2, 2, 2, -1, 1, 2, 0, 1, 2, 1, 1, 0, 1, 1, 4, 1, 4, 6, 1, 2, 2, 2, 2, 2, 6, 1, 4, 4, 1, 1, 1, 2, 2, 2, 6, 4, 1, 5, 6, 6
1900, 2, 2, 2, 2, 2, -1, 1, 2, 0, 1, 2, 1, 1, 0, 1, 1, 4, 1, 4, 6, 1, 2, 2, 2, 2, 2, 6, 1, 4, 4, 1, 1, 1, 2, 2, 2, 6, 4, 1, 5, 6, 6
2000, 2, 2, 2, 2, 2, -1, 1, 2, 0, 1, 2, 1, 1, 0, 1, 1, 4, 1, 4, 6, 1, 2, 2, 2, 2, 2, 6, 1, 4, 4, 1, 1, 1, 2, 2, 2, 6, 4, 1, 5, 6, 6
2100, 2, -1, -1, 2, 2, 5, 5, 2, 0, 6, 2, 1, 1, 2, 1, 1, 4, 1, 6, 6, 1, -1, 2, 2, 2, 2, 6, 6, 4, 4, 1, 1, 1, -1, 2, 2, 6, 4, 6, 6, 6, 6
2200, 2, -1, -1, 2, 2, 5, 5, 2, 0, 6, 2, 1, 1, 2, 1, 1, 4, 1, 6, 6, 1, -1, 2, 2, 2, 2, 6, 6, 4, 4, 1, 1, 1, -1, 2, 2, 6, 4, 6, 6, 6, 6
2300, 2, -1, -1, 2, 2, 5, 5, 2, 0, 6, 2, 1, 1, 2, 1, 1, 4, 1, 6, 6, 1, -1, 2, 2, 2, 2, 6, 6, 4, 4, 1, 1, 1, -1, 2, 2, 6, 4, 6, 6, 6, 6
2400, 2, -1, -1, 2, 2, 5, 5, 2, 0, 6, 2, 1, 1, 2, 1, 1, 4, 1, 6, 6, 1, -1, 2, 2, 2, 2, 6, 6, 4, 4, 1, 1, 1, -1, 2, 2, 6, 4, 6, 6, 6, 6
2500, 2, -1, -1, 2, 2, 5, 5, 2, 0, 6, 2, 1, 1, 2, 1, 1, 4, 1, 6, 6, 1, -1, 2, 2, 2, 2, 6, 6, 4, 4, 1, 1, 1, -1, 2, 2, 6, 4, 6, 6, 6, 6
2600, 2, -1, -1, 2, 2, 5, 5, 2, 0, 6, 2, 1, 1, 2, 1, 1, 4, 1, 6, 6, 1, -1, 2, 2, 2, 2, 6, 6, 4, 4, 1, 1, 1, -1, 2, 2, 6, 4, 6, 6, 6, 6
2700, 2, -1, -1, 2, 2, 5, 5, 2, 0, 6, 2, 1, 1, 2, 1, 1, 4, 1, 6, 6, 1, -1, 2, 2, 2, 2, 6, 6, 4, 4, 1, 1, 1, -1, 2, 2, 6, 4, 6, 6, 6, 6
2800, 2, -1, -1, 2, 2, 5, 5, 2, 0, 6, 2, 1, 1, 2, 1, 1, 4, 1, 6, 6, 1, -1, 2, 2, 2, 2, 6, 6, 4, 4, 1, 1, 1, -1, 2, 2, 6, 4, 6, 6, 6, 6
2900, 2, -1, -1, 2, 2, -1, 1, 2, 0, 1, 2, 1, 1, 2, 1, 1, 4, 1, 6, 6, 1, -1, 2, -1, 2, 2, 6, 1, 4, 4, 1, 1, 1, -1, 2, 2, 6, 4, 1, 5, 6, 6
3000, 2, -1, -1, 2, 2, -1, 1, 2, 0, 1, 2, 1, 1, 2, 1, 1, 4, 1, 6, 6, 1, -1, 2, -1, 2, 2, 6, 1, 4, 4, 1, 1, 1, -1, 2, 2, 6, 4, 1, 5, 6, 6
3100, 2, -1, -1, 2, 2, -1, 1, 2, 0, 1, 2, 1, 1, 2, 1, 1, 4, 1, 6, 6, 1, -1, 2, -1, 2, 2, 6, 1, 4, 4, 1, 1, 1, -1, 2, 2, 6, 4, 1, 5, 6, 6
3200, 2, -1, -1, 2, 2, -1, 1, 2, 0, 1, 2, 1, 1, 2, 1, 1, 4, 1, 6, 6, 1, -1, 2, -1, 2, 2, 6, 1, 4, 4, 1, 1, 1, -1, 2, 2, 6, 4, 1, 5, 6, 6
3300, 2, 2, 2, 2, 2, -1, 1, 2, 0, 1, 2, 1, 1, 0, 1, 1, 4, 1, 6, 6, 1, 2, 2, 2, 2, 2, 6, 1, 4, 4, 1, 1, 1, 2, 2, 2, 6, 4, 1, 5, 6, 6
3400, 2, 2, 2, 2, 2, -1, 0, 2, 0, 1, -1, 1, 1, 0, 1, 1, 4, 1, 6, 6, 1, 2, 2, -1, -1, -1, 6, 1, 4, 4, 1, 1, 1, -1, 2, 2, 6, 4, 1, 5, 6, 6
3500, 2, 2, 2, 2, 2, -1, 0, 2, 0, 1, -1, 1, 1, 0, 1, 1, 4, 1, 6, 6, 1, 2, 2, -1, -1, -1, 6, 1, 4, 4, 1, 1, 1, -1, 2, 2, 6, 4, 1, 5, 6, 6
3600, 2, 2, 2, 2, 2, -1, 0, 2, 0, 1, -1, 1, 1, 0, 1, 1, 4, 1, 6, 6, 1, 2, 2, -1, -1, -1, 6, 1, 4, 4, 1, 1, 1, -1, 2, 2, 6, 4, 1, 5, 6, 6
3700, 2, 2, 2, 2, 2, -1, 0, 2, 0, 1, -1, 1, 1, 0, 1, 1, 4, 1, 6, 6, 1, 2, 2, -1, -1, -1, 6, 1, 4, 4, 1, 1, 1, -1, 2, 2, 6, 4, 1, 5, 6, 6
3800, 2, 2, 2, 2, 2, -1, 0, 2, 0, 1, -1, 1, 1, 0, 1, 1, 4, 1, 6, 6, 1, 2, 2, -1, -1, -1, 6, 1, 4, 4, 1, 1, 1, -1, 2, 2, 6, 4, 1, 5, 6, 6
3900, 2, 2, 2, 2, 2, -1, 0, 2, 0, 1, -1, 1, 1, 0, 1, 1, 4, 1, 6, 6, 1, 2, 2, -1, -1, -1, 6, 1, 4, 4, 1, 1, 1, -1, 2, 2, 6, 4, 1, 5, 6, 6
4000, 2, 2, 2, 2, 2, -1, 0, 2, 0, 1, -1, 1, 1, 0, 1, 1, 4, 1, 6, 6, 1, 2, 2, -1, -1, -1, 6, 1, 4, 4, 1, 1, 1, -1, 2, 2, 6, 4, 1, 5, 6, 6
4100, 2, 2, 2, 2, 2, -1, 0, 2, 0, 1, -1, 1, 1, 0, 1, 1, 4, 1, 6, 6, 1, 2, 2, -1, -1, -1, 6, 1, 4, 4, 1, 1, 1, -1, 2, 2, 6, 4, 1, 5, 6, 6
4200, 2, 2, 2, 2, 2, -1, 0, 2, 0, 1, -1, 1, 1, 0, 1, 1, 4, 1, 6, 6, 1, 2, 2, -1, -1, -1, 6, 1, 4, 4, 1, 1, 1, -1, 2, 2, 6, 4, 1, 5, 6, 6
4300, 2, 2, 2, 2, 2, -1, 0, 2, 0, 1, -1, 1, 1, 0, 1, 1, 4, 1, 6, 6, 1, 2, 2, -1, -1, -1, 6, 1, 4, 4, 1, 1, 1, -1, 2, 2, 6, 4, 1, 5, 6, 6
4400, 2, 2, 2, 2, 2, -1, 0, 2, 0, 1, -1, 1, 1, 0, 1, 1, 4, 1, 6, 6, 1, 2, 2, -1, -1, -1, 6, 1, 4, 4, 1, 1, 1, -1, 2, 2, 6, 4, 1, 5, 6, 6
4500, 2, 2, 2, 2, 2, -1, 0, 2, 0, 1, -1, 1, 1, 0, 1, 1, 4, 1, 6, 6, 1, 2, 2, -1, -1, -1, 6, 1, 4, 4, 1, 1, 1, -1, 2, 2, 6, 4, 1, 5, 6, 6
4600, 2, 2, 2, 2, 2, -1, 0, 2, 0, 1, -1, 1, 1, 0, 1, 1, 4, 1, 6, 6, 1, 2, 2, -1, -1, -1, 6, 1, 4, 4, 1, 1, 1, -1, 2, 2, 6, 4, 1, 5, 6, 6
4700, 2, 2, 2, 2, 2, -1, 0, 2, 0, 1, -1, 1, 1, 0, 1, 1, 4, 1, 6, 6, 1, 2, 2, -1, -1, -1, 6, 1, 4, 4, 1, 1, 1, -1, 2, 2, 6, 4, 1, 5, 6, 6
4800, 2, 2, 2, 2, 2, -1, 0, 2, 0, 1, -1, 1, 1, 0, 1, 1, 4, 1, 6, 6, 1, 2, 2, -1, -1, -1, 6, 1, 4, 4, 1, 1, 1, -1, 2, 2, 6, 4, 1, 5, 6, 6
4900, 2, 2, 2, 2, 2, -1, 1, 2, 0, 1, -1, 1, 1, 0, 1, 1, 4, 1, 6, 6, 1, 2, 2, -1, -1, 2, 6, 1, 4, 4, 1, 1, 1, 2, 2, 2, 6, 4, 1, 5, 6, 6
5000, 2, 2, 2, 2, 2, -1, 1, 2, 0, 1, -1, 1, 1, 0, 1, 1, 4, 1, 6, 6, 1, 2, 2, -1, -1, 2, 6, 1, 4, 4, 1, 1, 1, 2, 2, 2, 6, 4, 1, 5, 6, 6
5100, 2, 2, 2, 2, 2, -1, 1, 2, 0, 1, -1, 1, 1, 0, 1, 1, 4, 1, 6, 6, 1, 2, 2, -1, -1, 2, 6, 1, 4, 4, 1, 1, 1, 2, 2, 2, 6, 4, 1, 5, 6, 6

