<CommandLineArguments>
ImbalancedDataset_FGBML.exe glass 1 FGBML_SMOTE 20 1 5 n 
<HyperParameter>
NUM_MEMBERSHIP_FUNC = 15
POPULATION_SIZE = 100
NUM_ITERATION = 5000
PROB_CROSSOVER = 0.900000
PER_REPLACEMENT = 20
SEED = 1234
INTERVAL_GRAPH = 100
IS_SELECT_PARENTS_ONLY_FROM_WINNER_RULE = 0
NUM_TRIAL = 20

<RUNNING_SECOND>
899 [s]

<Evaluation>
PER MISS TRA:61.7647
PER MISS TST:82.6087
LEN OF RULE:2.26667
Confusion Matrix tra:
109, 0, 2, 48, 55, 44
23, 8, 0, 3, 2, 3
15, 0, 0, 0, 0, 0
0, 0, 0, 9, 0, 1
0, 0, 0, 0, 6, 0
1, 0, 0, 0, 0, 24
Confusion Matrix tst:
0, 0, 0, 0, 3, 0
0, 1, 0, 1, 0, 1
0, 0, 0, 0, 1, 0
0, 0, 0, 1, 0, 0
0, 0, 0, 1, 0, 0
0, 0, 0, 0, 1, 2

<BestRules> [att, class, weight]
0d0000c00, 4, 0.456875
0000000c0, 5, 0.784889
c1a000010, 3, 0.454532
0008000b0, 5, 0.686000
000005000, 3, 1.000000
0e0000000, 4, 0.988497
00000b500, 3, 0.362985
0d0000000, 4, 0.090029
407500000, 3, 0.984731
506000000, 1, 0.860173
000000e00, 1, 1.000000
009500000, 1, 0.227669
581111511, 1, 0.780396
0000000d0, 5, 0.203032
000e000d0, 3, 1.000000

<Prediction> [generation][index_pattern]
Training:
true-label, 0, 0, 0, 0, 0, 0, 0, 0, 0, 0, 0, 0, 0, 0, 0, 0, 0, 0, 0, 0, 0, 0, 0, 0, 0, 0, 0, 0, 0, 0, 0, 0, 0, 0, 0, 0, 0, 0, 0, 0, 0, 0, 0, 0, 0, 0, 0, 0, 0, 0, 0, 0, 0, 0, 0, 0, 0, 0, 0, 0, 0, 0, 0, 1, 1, 1, 1, 1, 1, 1, 1, 1, 1, 1, 1, 1, 1, 1, 1, 1, 1, 1, 1, 1, 1, 1, 1, 1, 1, 1, 1, 1, 1, 1, 1, 1, 1, 1, 1, 1, 1, 1, 1, 1, 1, 1, 1, 1, 1, 1, 1, 1, 1, 1, 1, 1, 1, 1, 1, 1, 1, 1, 1, 1, 1, 1, 1, 1, 1, 1, 1, 2, 2, 2, 2, 2, 2, 2, 2, 2, 2, 2, 2, 2, 2, 2, 3, 3, 3, 3, 3, 3, 3, 3, 3, 3, 3, 4, 4, 4, 4, 4, 4, 4, 4, 5, 5, 5, 5, 5, 5, 5, 5, 5, 5, 5, 5, 5, 5, 5, 5, 5, 5, 5, 5, 5, 5, 5, 5, 5, 5, 0, 0, 0, 0, 0, 2, 2, 2, 2, 2, 2, 2, 2, 2, 2, 2, 2, 2, 2, 2, 2, 2, 2, 2, 2, 2, 2, 2, 2, 2, 2, 2, 2, 2, 2, 2, 2, 2, 2, 2, 2, 2, 2, 2, 2, 2, 2, 2, 2, 2, 2, 2, 2, 2, 2, 2, 2, 2, 3, 3, 3, 3, 3, 3, 3, 3, 3, 3, 3, 3, 3, 3, 3, 3, 3, 3, 3, 3, 3, 3, 3, 3, 3, 3, 3, 3, 3, 3, 3, 3, 3, 3, 3, 3, 3, 3, 3, 3, 3, 3, 3, 3, 3, 3, 3, 3, 3, 3, 3, 3, 3, 3, 3, 3, 3, 4, 4, 4, 4, 4, 4, 4, 4, 4, 4, 4, 4, 4, 4, 4, 4, 4, 4, 4, 4, 4, 4, 4, 4, 4, 4, 4, 4, 4, 4, 4, 4, 4, 4, 4, 4, 4, 4, 4, 4, 4, 4, 4, 4, 4, 4, 4, 4, 4, 4, 4, 4, 4, 4, 4, 4, 4, 4, 4, 4, 5, 5, 5, 5, 5, 5, 5, 5, 5, 5, 5, 5, 5, 5, 5, 5, 5, 5, 5, 5, 5, 5, 5, 5, 5, 5, 5, 5, 5, 5, 5, 5, 5, 5, 5, 5, 5, 5, 5, 5, 5, 5
0, -1, -1, 4, -1, -1, -1, -1, -1, -1, -1, -1, 5, -1, -1, -1, -1, -1, -1, 4, -1, -1, -1, -1, -1, 2, -1, -1, 5, -1, -1, 2, -1, -1, -1, 5, -1, 2, -1, -1, -1, -1, -1, 1, 1, -1, -1, 4, 1, -1, 2, -1, -1, -1, -1, -1, 2, -1, -1, -1, -1, -1, -1, -1, -1, -1, 1, -1, -1, 3, -1, -1, -1, -1, -1, 1, -1, -1, -1, -1, 1, -1, -1, -1, -1, -1, -1, 0, -1, -1, -1, -1, 1, 2, 1, -1, -1, -1, -1, -1, 4, 1, -1, -1, 5, 4, -1, -1, -1, -1, 2, -1, -1, -1, 1, 1, -1, -1, 1, -1, -1, 5, -1, -1, -1, -1, 4, 1, -1, 5, -1, -1, -1, -1, -1, -1, -1, 4, -1, -1, -1, -1, 2, -1, -1, -1, -1, 5, 3, 5, 3, 3, 5, 1, 5, 5, 5, 3, 4, 5, -1, 4, 4, 4, 4, -1, 5, 5, 5, 5, 4, 1, 5, 5, 5, 5, 5, 4, 5, 4, 5, 5, 5, 5, 4, 5, 4, 4, 5, 4, 5, 5, -1, -1, -1, -1, -1, -1, -1, -1, -1, -1, 5, -1, -1, -1, -1, 4, -1, -1, -1, -1, 5, 2, -1, -1, -1, -1, -1, -1, -1, -1, -1, -1, -1, -1, -1, -1, -1, -1, -1, 2, -1, -1, -1, -1, -1, -1, -1, -1, 2, -1, -1, 2, -1, -1, 5, -1, -1, -1, 5, 5, 3, 3, 3, 3, 3, 5, 5, 5, 5, 5, 3, 3, 5, 3, 3, 5, 5, 3, 3, 5, 5, 5, 3, 5, 5, 5, 5, 5, 1, 5, 3, 5, 5, 5, 3, 3, 3, 5, 5, 5, 5, 3, 3, 5, 5, 3, 5, 5, 3, 3, 3, 5, 5, 5, 3, 4, 4, 4, 4, 4, 4, 4, -1, 4, 4, 4, 4, 4, 4, 4, -1, 4, -1, 4, 4, 4, 4, 4, 4, 4, 4, 4, 4, 4, 4, 4, 4, 4, -1, 4, 4, 4, 4, 4, 4, 4, 4, 4, 4, -1, 4, 4, 4, 4, 4, 4, 4, 4, 4, 4, -1, -1, 4, 4, 4, 5, 4, 5, 5, 5, 5, 5, 5, 4, 5, 5, 5, 4, 5, 5, 5, 3, 5, 4, 5, 5, 5, 5, 4, 5, 5, 5, 1, 5, 5, 5, 5, 5, 5, 5, 5, 5, 5, 5, 5, 5, 5
100, -1, -1, 4, -1, -1, -1, -1, -1, -1, -1, -1, 5, -1, -1, -1, -1, -1, -1, 4, -1, -1, -1, -1, -1, 2, -1, -1, 5, -1, -1, 2, -1, -1, -1, 5, -1, 2, -1, -1, -1, -1, -1, 1, 1, -1, -1, 4, 1, -1, 2, -1, -1, -1, -1, -1, 2, -1, -1, -1, -1, -1, -1, -1, -1, -1, 1, -1, -1, 3, -1, -1, -1, -1, -1, 1, -1, -1, -1, -1, 1, -1, -1, -1, -1, -1, -1, 0, -1, -1, -1, -1, 1, 2, 1, -1, -1, -1, -1, -1, 4, 1, -1, -1, 5, 4, -1, -1, -1, -1, 2, -1, -1, -1, 1, 1, -1, -1, 1, -1, -1, 5, -1, -1, -1, -1, 4, 1, -1, 5, -1, -1, -1, -1, -1, -1, -1, 4, -1, -1, -1, -1, 2, -1, -1, -1, -1, 5, 3, 5, 3, 3, 5, 1, 5, 5, 5, 3, 4, 5, -1, 4, 4, 4, 4, -1, 5, 5, 5, 5, 4, 1, 5, 5, 5, 5, 5, 4, 5, 4, 5, 5, 5, 5, 4, 5, 4, 4, 5, 4, 5, 5, -1, -1, -1, -1, -1, -1, -1, -1, -1, -1, 5, -1, -1, -1, -1, 4, -1, -1, -1, -1, 5, 2, -1, -1, -1, -1, -1, -1, -1, -1, -1, -1, -1, -1, -1, -1, -1, -1, -1, 2, -1, -1, -1, -1, -1, -1, -1, -1, 2, -1, -1, 2, -1, -1, 5, -1, -1, -1, 5, 5, 3, 3, 3, 3, 3, 5, 5, 5, 5, 5, 3, 3, 5, 3, 3, 5, 5, 3, 3, 5, 5, 5, 3, 5, 5, 5, 5, 5, 1, 5, 3, 5, 5, 5, 3, 3, 3, 5, 5, 5, 5, 3, 3, 5, 5, 3, 5, 5, 3, 3, 3, 5, 5, 5, 3, 4, 4, 4, 4, 4, 4, 4, -1, 4, 4, 4, 4, 4, 4, 4, -1, 4, -1, 4, 4, 4, 4, 4, 4, 4, 4, 4, 4, 4, 4, 4, 4, 4, -1, 4, 4, 4, 4, 4, 4, 4, 4, 4, 4, -1, 4, 4, 4, 4, 4, 4, 4, 4, 4, 4, -1, -1, 4, 4, 4, 5, 4, 5, 5, 5, 5, 5, 5, 4, 5, 5, 5, 4, 5, 5, 5, 3, 5, 4, 5, 5, 5, 5, 4, 5, 5, 5, 1, 5, 5, 5, 5, 5, 5, 5, 5, 5, 5, 5, 5, 5, 5
200, -1, -1, 4, -1, -1, -1, -1, -1, -1, -1, -1, 5, -1, -1, -1, -1, -1, -1, 4, -1, -1, -1, -1, -1, 0, -1, -1, 5, -1, -1, 0, -1, -1, -1, 5, -1, 0, -1, -1, -1, -1, -1, 1, 1, -1, -1, 4, 1, 0, 0, -1, -1, -1, -1, -1, 0, -1, -1, -1, -1, -1, 0, -1, -1, -1, 1, -1, -1, 3, -1, -1, -1, -1, -1, 1, -1, -1, -1, 0, 1, -1, -1, -1, -1, -1, -1, 0, -1, 0, -1, -1, 1, 0, 1, -1, -1, -1, -1, -1, 4, 1, -1, -1, 5, 4, -1, -1, -1, -1, -1, -1, -1, -1, 1, 1, -1, -1, 1, -1, -1, 5, -1, -1, -1, -1, 4, 1, -1, 5, -1, -1, -1, -1, -1, -1, -1, 4, -1, -1, -1, -1, 5, -1, -1, -1, -1, 5, 3, 5, 3, 3, 5, 1, 5, 5, 5, 3, 4, 5, -1, 4, 4, 4, 4, -1, 5, 5, 5, 5, 4, 1, 5, 5, 5, 5, 5, 4, 5, 5, 5, 5, 5, 5, 4, 5, 4, 4, 5, 5, 5, 5, -1, -1, -1, -1, -1, -1, -1, -1, -1, -1, 5, -1, -1, -1, -1, 4, -1, -1, -1, -1, 5, -1, -1, -1, -1, -1, -1, -1, -1, -1, -1, -1, -1, -1, -1, -1, -1, -1, -1, 5, -1, -1, -1, -1, -1, -1, -1, -1, 0, -1, -1, 5, -1, -1, 5, -1, -1, -1, 5, 5, 3, 3, 3, 3, 5, 5, 5, 5, 5, 5, 3, 3, 5, 3, 3, 5, 5, 3, 3, 5, 5, 5, 3, 5, 5, 5, 5, 5, 1, 5, 3, 5, 5, 5, 3, 3, 5, 5, 5, 5, 5, 3, 3, 5, 5, 5, 5, 5, 3, 3, 3, 5, 5, 5, 3, 4, 4, 4, 4, 4, 4, 4, -1, 4, 4, 4, 4, 4, 4, 4, -1, 4, -1, 4, 4, 4, 4, 4, 4, 4, 4, 4, 4, 4, 4, 4, 4, 4, -1, 4, 4, 4, 4, 4, 4, 4, 4, 4, 4, -1, 4, 4, 4, 4, 4, 4, 4, 4, 4, 4, -1, -1, 4, 4, 4, 5, 4, 5, 5, 5, 5, 5, 5, 4, 5, 5, 5, 4, 5, 5, 5, 5, 5, 5, 5, 5, 5, 5, 5, 5, 5, 5, 1, 5, 5, 5, 5, 5, 5, 5, 5, 5, 5, 5, 5, 5, 5
300, 0, 0, 4, -1, 0, -1, 0, -1, 0, -1, 0, 5, 0, 0, 0, 0, -1, 0, 4, 0, 0, 0, 0, 0, 0, 0, 0, 5, 0, 0, 0, 0, 0, 0, 5, 0, 0, 0, 0, 0, 0, 0, 0, 0, -1, 0, 4, 0, 0, 0, 0, 0, 0, 0, 0, 0, 0, 0, 0, 0, 0, 0, 0, 0, 0, 1, -1, -1, 3, 0, 0, 0, -1, 0, 1, -1, -1, 0, 0, 3, -1, -1, -1, 0, 0, 0, 0, -1, 0, 0, 4, 1, 0, -1, -1, -1, -1, 0, 0, 3, 1, 0, 0, 5, 4, 0, -1, 0, -1, 0, 0, 0, -1, 1, 1, -1, -1, 0, 0, 0, 5, -1, 0, 0, 0, 4, 1, -1, 5, 0, 0, -1, 0, -1, -1, 0, 4, -1, 0, -1, 0, 5, 0, -1, 0, 0, 3, 3, 3, 3, 3, -1, 3, 3, 3, 5, 3, 4, 4, -1, 4, 4, 4, 4, -1, -1, 5, 5, 5, 5, -1, 5, 5, 5, 5, 5, 5, 5, 5, 5, 5, 5, 5, 5, 5, 5, 5, 5, 5, 5, 5, 0, 0, -1, 0, 0, 0, -1, 0, 0, 0, 5, -1, 0, 0, 0, 4, 0, -1, 0, -1, 5, -1, -1, 0, -1, 0, 0, 0, -1, 0, -1, -1, 0, -1, -1, 0, 0, 0, -1, 5, -1, -1, -1, 0, 0, 0, -1, -1, 0, 0, -1, 5, -1, -1, 5, -1, 0, -1, 3, 3, 3, 3, 3, 3, 3, 3, 3, 5, 3, 3, 5, 3, 5, 3, 3, 5, 3, 3, 3, 3, 3, 3, 3, 3, 3, 3, -1, 3, 5, 3, 3, 3, 3, 3, 3, 3, 3, 3, 3, 3, 3, 3, 3, 5, -1, 5, 5, 3, 3, 3, 3, 3, 3, -1, 3, 4, 4, 4, 4, 4, 4, 4, -1, 4, 4, 4, 4, 4, 4, 4, -1, 4, -1, 4, 4, 4, 4, 4, 4, 4, 4, 4, 4, 4, 4, 4, 4, 4, -1, 4, 4, 4, 4, 4, 4, 4, 4, 4, 4, -1, 4, 4, 4, 4, 4, 4, 4, 4, 4, 4, -1, -1, 4, 3, 4, 5, 4, 5, 5, 5, 5, 5, 5, 5, 3, 5, 5, 5, 5, 5, 5, 5, 5, 5, 5, 5, 5, 5, 5, 5, 5, 5, 5, 5, 5, 5, 5, 5, 5, 5, 5, 5, 5, 5, 5, 5, 5
400, -1, 0, 0, 0, 0, 0, 0, 0, 0, 0, 0, 0, -1, 0, 0, 0, 0, 0, 4, 0, 0, 0, 0, -1, 0, -1, 0, 0, 0, -1, 0, 0, -1, 0, 0, 0, 0, 0, 0, 0, 0, 0, 0, 0, 0, 0, 0, 0, 0, 0, -1, 0, 0, 0, -1, 0, -1, 0, 0, 0, 0, -1, 0, -1, 0, 1, 0, 0, 3, -1, -1, 0, -1, 0, 1, -1, -1, -1, -1, 3, 0, 0, 0, -1, -1, 0, -1, 0, 0, -1, -1, 1, 0, -1, -1, 0, 0, -1, -1, 3, 1, -1, -1, 5, 4, 0, 0, -1, -1, 0, -1, -1, 0, 1, 1, -1, 0, 1, -1, 0, 5, -1, 0, -1, -1, 4, 1, 0, 5, -1, 0, 0, 0, 0, 0, 0, 0, 0, 0, 0, 0, 0, 0, 0, 0, 0, 3, 3, 3, 3, 3, -1, 3, 3, 3, 5, 3, 4, 4, -1, 4, 4, 4, 4, -1, -1, 5, 5, 5, 5, 0, 5, 5, 5, 5, 5, 5, 5, 5, 5, 5, 5, 5, 5, 5, 5, 5, 5, 5, 5, 5, 0, -1, 0, 0, 0, 0, 0, 0, 0, 0, 0, 0, 0, 0, 0, 0, 0, 0, 0, 0, 0, 0, 0, 0, 0, 0, 0, 0, 0, 0, 0, 0, 0, 0, 0, 0, 0, 0, 0, 0, 0, 0, 0, 0, 0, 0, 0, 0, 0, 0, 0, 0, 0, 0, 0, 0, 0, 0, 3, 3, 3, 3, 3, 3, 3, 3, 3, 5, 3, 3, 5, 3, 5, 3, 3, 5, 3, 3, 3, 3, 3, 3, 3, 3, 3, 3, -1, 3, 5, 3, 3, 3, 3, 3, 3, 3, 3, 3, 3, 3, 3, 3, 3, 5, -1, 5, 5, 3, 3, 3, 3, 3, 3, -1, 3, 4, 4, 4, 4, 4, 4, 4, -1, 4, 4, 4, 4, 4, 4, 4, -1, 4, -1, 4, 4, 4, 4, 4, 4, 4, 4, 4, 4, 4, 4, 4, 4, 4, -1, 4, 4, 4, 4, 4, 4, 4, 4, 4, 4, -1, 4, 4, 4, 4, 4, 4, 4, 4, 4, 4, -1, -1, 4, 3, 4, 5, 4, 5, 5, 5, 5, 5, 5, 5, 3, 5, 5, 4, 5, 5, 5, 5, 2, 5, 5, 5, 5, 5, 5, 5, 5, 5, -1, 5, 5, 5, 5, 5, 5, 5, 5, 5, 5, 5, 5, 5, 2
500, -1, 0, 0, 0, 0, 0, 0, 0, 0, 0, 0, 0, -1, 0, 0, 0, 0, 0, 4, 0, 0, 0, 0, -1, 0, -1, 0, 0, 0, -1, 0, 0, -1, 0, 0, 0, 0, 0, 0, 0, 0, 0, 0, 0, 0, 0, 0, 0, 0, 0, -1, 0, 0, 0, -1, 0, -1, 0, 0, 0, 0, -1, 0, -1, 0, 1, 0, 0, 3, -1, -1, 0, -1, 0, 1, -1, -1, -1, -1, 3, 0, 0, 0, -1, -1, 0, -1, 0, 0, -1, -1, 1, 0, -1, -1, 0, 0, -1, -1, 3, 1, -1, -1, 5, 4, 0, 0, -1, -1, 0, -1, -1, 0, 1, 1, -1, 0, 1, -1, 0, 5, -1, 0, -1, -1, 4, 1, 0, 5, -1, 0, 0, 0, 0, 0, 0, 0, 0, 0, 0, 0, 0, 0, 0, 0, 0, 3, 3, 3, 3, 3, -1, 3, 3, 3, 5, 3, 4, 4, -1, 4, 4, 4, 4, -1, -1, 5, 5, 5, 5, 0, 5, 5, 5, 5, 5, 5, 5, 5, 5, 5, 5, 5, 5, 5, 5, 5, 5, 5, 5, 5, 0, -1, 0, 0, 0, 0, 0, 0, 0, 0, 0, 0, 0, 0, 0, 0, 0, 0, 0, 0, 0, 0, 0, 0, 0, 0, 0, 0, 0, 0, 0, 0, 0, 0, 0, 0, 0, 0, 0, 0, 0, 0, 0, 0, 0, 0, 0, 0, 0, 0, 0, 0, 0, 0, 0, 0, 0, 0, 3, 3, 3, 3, 3, 3, 3, 3, 3, 5, 3, 3, 5, 3, 5, 3, 3, 5, 3, 3, 3, 3, 3, 3, 3, 3, 3, 3, -1, 3, 5, 3, 3, 3, 3, 3, 3, 3, 3, 3, 3, 3, 3, 3, 3, 5, -1, 5, 5, 3, 3, 3, 3, 3, 3, -1, 3, 4, 4, 4, 4, 4, 4, 4, -1, 4, 4, 4, 4, 4, 4, 4, -1, 4, -1, 4, 4, 4, 4, 4, 4, 4, 4, 4, 4, 4, 4, 4, 4, 4, -1, 4, 4, 4, 4, 4, 4, 4, 4, 4, 4, -1, 4, 4, 4, 4, 4, 4, 4, 4, 4, 4, -1, -1, 4, 3, 4, 5, 4, 5, 5, 5, 5, 5, 5, 5, 3, 5, 5, 4, 5, 5, 5, 5, 2, 5, 5, 5, 5, 5, 5, 5, 5, 5, -1, 5, 5, 5, 5, 5, 5, 5, 5, 5, 5, 5, 5, 5, 2
600, -1, 0, 0, 0, 0, 0, 0, 0, 0, 0, 0, 0, -1, 0, 0, 0, 0, 0, 4, 0, 0, 0, 0, -1, 0, -1, 0, 0, 0, -1, 0, 0, -1, 0, 0, 0, 0, 0, 0, 0, 0, 0, 0, 0, 0, 0, 0, 0, 0, 0, -1, 0, 0, 0, -1, 0, -1, 0, 0, 0, 0, -1, 0, -1, 0, 1, 0, 0, 3, -1, -1, 0, -1, 0, 1, -1, -1, -1, -1, 3, 0, 0, 0, -1, -1, 0, -1, 0, 0, -1, -1, 1, 0, -1, -1, 0, 0, -1, -1, 3, 1, -1, -1, 5, 4, 0, 0, -1, -1, 0, -1, -1, 0, 1, 1, -1, 0, 1, -1, 0, 5, -1, 0, -1, -1, 4, 1, 0, 5, -1, 0, 0, 0, 0, 0, 0, 0, 0, 0, 0, 0, 0, 0, 0, 0, 0, 3, 3, 3, 3, 3, -1, 3, 3, 3, 5, 3, 4, 4, -1, 4, 4, 4, 4, -1, -1, 5, 5, 5, 5, 0, 5, 5, 5, 5, 5, 5, 5, 5, 5, 5, 5, 5, 5, 5, 5, 5, 5, 5, 5, 5, 0, -1, 0, 0, 0, 0, 0, 0, 0, 0, 0, 0, 0, 0, 0, 0, 0, 0, 0, 0, 0, 0, 0, 0, 0, 0, 0, 0, 0, 0, 0, 0, 0, 0, 0, 0, 0, 0, 0, 0, 0, 0, 0, 0, 0, 0, 0, 0, 0, 0, 0, 0, 0, 0, 0, 0, 0, 0, 3, 3, 3, 3, 3, 3, 3, 3, 3, 5, 3, 3, 5, 3, 5, 3, 3, 5, 3, 3, 3, 3, 3, 3, 3, 3, 3, 3, -1, 3, 5, 3, 3, 3, 3, 3, 3, 3, 3, 3, 3, 3, 3, 3, 3, 5, -1, 5, 5, 3, 3, 3, 3, 3, 3, -1, 3, 4, 4, 4, 4, 4, 4, 4, -1, 4, 4, 4, 4, 4, 4, 4, -1, 4, -1, 4, 4, 4, 4, 4, 4, 4, 4, 4, 4, 4, 4, 4, 4, 4, -1, 4, 4, 4, 4, 4, 4, 4, 4, 4, 4, -1, 4, 4, 4, 4, 4, 4, 4, 4, 4, 4, -1, -1, 4, 3, 4, 5, 4, 5, 5, 5, 5, 5, 5, 5, 3, 5, 5, 4, 5, 5, 5, 5, 2, 5, 5, 5, 5, 5, 5, 5, 5, 5, -1, 5, 5, 5, 5, 5, 5, 5, 5, 5, 5, 5, 5, 5, 2
700, -1, 0, 0, 0, 0, 0, 0, 0, 0, 0, 0, 0, -1, 0, 0, 0, 0, 0, 4, 0, 0, 0, 0, -1, 0, -1, 0, 0, 0, -1, 0, 0, -1, 0, 0, 0, 0, 0, 0, 0, 0, 0, 0, 0, 0, 0, 0, 0, 0, 0, -1, 0, 0, 0, -1, 0, -1, 0, 0, 0, 0, -1, 0, -1, 0, 1, 0, 0, 3, -1, -1, 0, -1, 0, 1, -1, -1, -1, -1, 3, 0, 0, 0, -1, -1, 0, -1, 0, 0, -1, -1, 1, 0, -1, -1, 0, 0, -1, -1, 3, 1, -1, -1, 5, 4, 0, 0, -1, -1, 0, -1, -1, 0, 1, 1, -1, 0, 1, -1, 0, 5, -1, 0, -1, -1, 4, 1, 0, 5, -1, 0, 0, 0, 0, 0, 0, 0, 0, 0, 0, 0, 0, 0, 0, 0, 0, 3, 3, 3, 3, 3, -1, 3, 3, 3, 5, 3, 4, 4, -1, 4, 4, 4, 4, -1, -1, 5, 5, 5, 5, 0, 5, 5, 5, 5, 5, 5, 5, 5, 5, 5, 5, 5, 5, 5, 5, 5, 5, 5, 5, 5, 0, -1, 0, 0, 0, 0, 0, 0, 0, 0, 0, 0, 0, 0, 0, 0, 0, 0, 0, 0, 0, 0, 0, 0, 0, 0, 0, 0, 0, 0, 0, 0, 0, 0, 0, 0, 0, 0, 0, 0, 0, 0, 0, 0, 0, 0, 0, 0, 0, 0, 0, 0, 0, 0, 0, 0, 0, 0, 3, 3, 3, 3, 3, 3, 3, 3, 3, 5, 3, 3, 5, 3, 5, 3, 3, 5, 3, 3, 3, 3, 3, 3, 3, 3, 3, 3, -1, 3, 5, 3, 3, 3, 3, 3, 3, 3, 3, 3, 3, 3, 3, 3, 3, 5, -1, 5, 5, 3, 3, 3, 3, 3, 3, -1, 3, 4, 4, 4, 4, 4, 4, 4, -1, 4, 4, 4, 4, 4, 4, 4, -1, 4, -1, 4, 4, 4, 4, 4, 4, 4, 4, 4, 4, 4, 4, 4, 4, 4, -1, 4, 4, 4, 4, 4, 4, 4, 4, 4, 4, -1, 4, 4, 4, 4, 4, 4, 4, 4, 4, 4, -1, -1, 4, 3, 4, 5, 4, 5, 5, 5, 5, 5, 5, 5, 3, 5, 5, 4, 5, 5, 5, 5, 2, 5, 5, 5, 5, 5, 5, 5, 5, 5, -1, 5, 5, 5, 5, 5, 5, 5, 5, 5, 5, 5, 5, 5, 2
800, -1, 0, 0, 0, 0, 0, 0, 0, 0, 0, 0, 0, -1, 0, 0, 0, 0, 0, 4, 0, 0, 0, 0, -1, 0, -1, 0, 0, 0, -1, 0, 0, -1, 0, 0, 0, 0, 0, 0, 0, 0, 0, 0, 0, 0, 0, 0, 0, 0, 0, -1, 0, 0, 0, -1, 0, -1, 0, 0, 0, 0, -1, 0, -1, 0, 1, 0, 0, 3, -1, -1, 0, -1, 0, 1, -1, -1, -1, -1, 3, 0, 0, 0, -1, -1, 0, -1, 0, 0, -1, -1, 1, 0, -1, -1, 0, 0, -1, -1, 3, 1, -1, -1, 5, 4, 0, 0, -1, -1, 0, -1, -1, 0, 1, 1, -1, 0, 1, -1, 0, 5, -1, 0, -1, -1, 4, 1, 0, 5, -1, 0, 0, 0, 0, 0, 0, 0, 0, 0, 0, 0, 0, 0, 0, 0, 0, 3, 3, 3, 3, 3, -1, 3, 3, 3, 5, 3, 4, 4, -1, 4, 4, 4, 4, -1, -1, 5, 5, 5, 5, 0, 5, 5, 5, 5, 5, 5, 5, 5, 5, 5, 5, 5, 5, 5, 5, 5, 5, 5, 5, 5, 0, -1, 0, 0, 0, 0, 0, 0, 0, 0, 0, 0, 0, 0, 0, 0, 0, 0, 0, 0, 0, 0, 0, 0, 0, 0, 0, 0, 0, 0, 0, 0, 0, 0, 0, 0, 0, 0, 0, 0, 0, 0, 0, 0, 0, 0, 0, 0, 0, 0, 0, 0, 0, 0, 0, 0, 0, 0, 3, 3, 3, 3, 3, 3, 3, 3, 3, 5, 3, 3, 5, 3, 5, 3, 3, 5, 3, 3, 3, 3, 3, 3, 3, 3, 3, 3, -1, 3, 5, 3, 3, 3, 3, 3, 3, 3, 3, 3, 3, 3, 3, 3, 3, 5, -1, 5, 5, 3, 3, 3, 3, 3, 3, -1, 3, 4, 4, 4, 4, 4, 4, 4, -1, 4, 4, 4, 4, 4, 4, 4, -1, 4, -1, 4, 4, 4, 4, 4, 4, 4, 4, 4, 4, 4, 4, 4, 4, 4, -1, 4, 4, 4, 4, 4, 4, 4, 4, 4, 4, -1, 4, 4, 4, 4, 4, 4, 4, 4, 4, 4, -1, -1, 4, 3, 4, 5, 4, 5, 5, 5, 5, 5, 5, 5, 3, 5, 5, 4, 5, 5, 5, 5, 2, 5, 5, 5, 5, 5, 5, 5, 5, 5, -1, 5, 5, 5, 5, 5, 5, 5, 5, 5, 5, 5, 5, 5, 2
900, -1, 0, 0, 0, 0, 0, 0, 0, 0, 0, 0, 0, -1, 0, 0, 0, 0, 0, 4, 0, 0, 0, 0, -1, 0, -1, 0, 0, 0, -1, 0, 0, -1, 0, 0, 0, 0, 0, 0, 0, 0, 0, 0, 0, 0, 0, 0, 0, 0, 0, -1, 0, 0, 0, -1, 0, -1, 0, 0, 0, 0, -1, 0, -1, 0, 1, 0, 0, 3, -1, -1, 0, -1, 0, 1, -1, -1, -1, -1, 3, 0, 0, 0, -1, -1, 0, -1, 0, 0, -1, -1, 1, 0, -1, -1, 0, 0, -1, -1, 3, 1, -1, -1, 5, 4, 0, 0, -1, -1, 0, -1, -1, 0, 1, 1, -1, 0, 1, -1, 0, 5, -1, 0, -1, -1, 4, 1, 0, 5, -1, 0, 0, 0, 0, 0, 0, 0, 0, 0, 0, 0, 0, 0, 0, 0, 0, 3, 3, 3, 3, 3, -1, 3, 3, 3, 5, 3, 4, 4, -1, 4, 4, 4, 4, -1, -1, 5, 5, 5, 5, 0, 5, 5, 5, 5, 5, 5, 5, 5, 5, 5, 5, 5, 5, 5, 5, 5, 5, 5, 5, 5, 0, -1, 0, 0, 0, 0, 0, 0, 0, 0, 0, 0, 0, 0, 0, 0, 0, 0, 0, 0, 0, 0, 0, 0, 0, 0, 0, 0, 0, 0, 0, 0, 0, 0, 0, 0, 0, 0, 0, 0, 0, 0, 0, 0, 0, 0, 0, 0, 0, 0, 0, 0, 0, 0, 0, 0, 0, 0, 3, 3, 3, 3, 3, 3, 3, 3, 3, 5, 3, 3, 5, 3, 5, 3, 3, 5, 3, 3, 3, 3, 3, 3, 3, 3, 3, 3, -1, 3, 5, 3, 3, 3, 3, 3, 3, 3, 3, 3, 3, 3, 3, 3, 3, 5, -1, 5, 5, 3, 3, 3, 3, 3, 3, -1, 3, 4, 4, 4, 4, 4, 4, 4, -1, 4, 4, 4, 4, 4, 4, 4, -1, 4, -1, 4, 4, 4, 4, 4, 4, 4, 4, 4, 4, 4, 4, 4, 4, 4, -1, 4, 4, 4, 4, 4, 4, 4, 4, 4, 4, -1, 4, 4, 4, 4, 4, 4, 4, 4, 4, 4, -1, -1, 4, 3, 4, 5, 4, 5, 5, 5, 5, 5, 5, 5, 3, 5, 5, 4, 5, 5, 5, 5, 2, 5, 5, 5, 5, 5, 5, 5, 5, 5, -1, 5, 5, 5, 5, 5, 5, 5, 5, 5, 5, 5, 5, 5, 2
1000, -1, 0, 0, 0, 0, 0, 0, 0, 0, 0, 0, 0, -1, 0, 0, 0, 0, 0, 4, 0, 0, 0, 0, -1, 0, -1, 0, 0, 0, -1, 0, 0, -1, 0, 0, 0, 0, 0, 0, 0, 0, 0, 0, 0, 0, 0, 0, 0, 0, 0, -1, 0, 0, 0, -1, 0, -1, 0, 0, 0, 0, -1, 0, -1, 0, 1, 0, 0, 3, -1, -1, 0, -1, 0, 1, -1, -1, -1, -1, 3, 0, 0, 0, -1, -1, 0, -1, 0, 0, -1, -1, 1, 0, -1, -1, 0, 0, -1, -1, 3, 1, -1, -1, 5, 4, 0, 0, -1, -1, 0, -1, -1, 0, 1, 1, -1, 0, 1, -1, 0, 5, -1, 0, -1, -1, 4, 1, 0, 5, -1, 0, 0, 0, 0, 0, 0, 0, 0, 0, 0, 0, 0, 0, 0, 0, 0, 3, 3, 3, 3, 3, -1, 3, 3, 3, 5, 3, 4, 4, -1, 4, 4, 4, 4, -1, -1, 5, 5, 5, 5, 0, 5, 5, 5, 5, 5, 5, 5, 5, 5, 5, 5, 5, 5, 5, 5, 5, 5, 5, 5, 5, 0, -1, 0, 0, 0, 0, 0, 0, 0, 0, 0, 0, 0, 0, 0, 0, 0, 0, 0, 0, 0, 0, 0, 0, 0, 0, 0, 0, 0, 0, 0, 0, 0, 0, 0, 0, 0, 0, 0, 0, 0, 0, 0, 0, 0, 0, 0, 0, 0, 0, 0, 0, 0, 0, 0, 0, 0, 0, 3, 3, 3, 3, 3, 3, 3, 3, 3, 5, 3, 3, 5, 3, 5, 3, 3, 5, 3, 3, 3, 3, 3, 3, 3, 3, 3, 3, -1, 3, 5, 3, 3, 3, 3, 3, 3, 3, 3, 3, 3, 3, 3, 3, 3, 5, -1, 5, 5, 3, 3, 3, 3, 3, 3, -1, 3, 4, 4, 4, 4, 4, 4, 4, -1, 4, 4, 4, 4, 4, 4, 4, -1, 4, -1, 4, 4, 4, 4, 4, 4, 4, 4, 4, 4, 4, 4, 4, 4, 4, -1, 4, 4, 4, 4, 4, 4, 4, 4, 4, 4, -1, 4, 4, 4, 4, 4, 4, 4, 4, 4, 4, -1, -1, 4, 3, 4, 5, 4, 5, 5, 5, 5, 5, 5, 5, 3, 5, 5, 4, 5, 5, 5, 5, 2, 5, 5, 5, 5, 5, 5, 5, 5, 5, -1, 5, 5, 5, 5, 5, 5, 5, 5, 5, 5, 5, 5, 5, 2
1100, -1, 0, 0, 0, 0, 0, 0, 0, 0, 0, 0, 0, -1, 0, 0, 0, 0, 0, 4, 0, 0, 0, 0, -1, 0, -1, 0, 0, 0, -1, 0, 0, -1, 0, 0, 0, 0, 0, 0, 0, 0, 0, 0, 0, 0, 0, 0, 0, 0, 0, -1, 0, 0, 0, -1, 0, -1, 0, 0, 0, 0, -1, 0, -1, 0, 1, 0, 0, 3, -1, -1, 0, -1, 0, 1, -1, -1, -1, -1, 3, 0, 0, 0, -1, -1, 0, -1, 0, 0, -1, -1, 1, 0, -1, -1, 0, 0, -1, -1, 3, 1, -1, -1, 5, 4, 0, 0, -1, -1, 0, -1, -1, 0, 1, 1, -1, 0, 1, -1, 0, 5, -1, 0, -1, -1, 4, 1, 0, 5, -1, 0, 0, 0, 0, 0, 0, 0, 0, 0, 0, 0, 0, 0, 0, 0, 0, 3, 3, 3, 3, 3, -1, 3, 3, 3, 5, 3, 4, 4, -1, 4, 4, 4, 4, -1, -1, 5, 5, 5, 5, 0, 5, 5, 5, 5, 5, 5, 5, 5, 5, 5, 5, 5, 5, 5, 5, 5, 5, 5, 5, 5, 0, -1, 0, 0, 0, 0, 0, 0, 0, 0, 0, 0, 0, 0, 0, 0, 0, 0, 0, 0, 0, 0, 0, 0, 0, 0, 0, 0, 0, 0, 0, 0, 0, 0, 0, 0, 0, 0, 0, 0, 0, 0, 0, 0, 0, 0, 0, 0, 0, 0, 0, 0, 0, 0, 0, 0, 0, 0, 3, 3, 3, 3, 3, 3, 3, 3, 3, 5, 3, 3, 5, 3, 5, 3, 3, 5, 3, 3, 3, 3, 3, 3, 3, 3, 3, 3, -1, 3, 5, 3, 3, 3, 3, 3, 3, 3, 3, 3, 3, 3, 3, 3, 3, 5, -1, 5, 5, 3, 3, 3, 3, 3, 3, -1, 3, 4, 4, 4, 4, 4, 4, 4, -1, 4, 4, 4, 4, 4, 4, 4, -1, 4, -1, 4, 4, 4, 4, 4, 4, 4, 4, 4, 4, 4, 4, 4, 4, 4, -1, 4, 4, 4, 4, 4, 4, 4, 4, 4, 4, -1, 4, 4, 4, 4, 4, 4, 4, 4, 4, 4, -1, -1, 4, 3, 4, 5, 4, 5, 5, 5, 5, 5, 5, 5, 3, 5, 5, 4, 5, 5, 5, 5, 2, 5, 5, 5, 5, 5, 5, 5, 5, 5, -1, 5, 5, 5, 5, 5, 5, 5, 5, 5, 5, 5, 5, 5, 2
1200, -1, 0, 0, 0, 0, 0, 0, 0, 0, 0, 0, 0, -1, 0, 0, 0, 0, 0, 4, 0, 0, 0, 0, -1, 0, -1, 0, 0, 0, -1, 0, 0, -1, 0, 0, 0, 0, 0, 0, 0, 0, 0, 0, 0, 0, 0, 0, 0, 0, 0, -1, 0, 0, 0, -1, 0, -1, 0, 0, 0, 0, -1, 0, -1, 0, 1, 0, 0, 3, -1, -1, 0, -1, 0, 1, -1, -1, -1, -1, 3, 0, 0, 0, -1, -1, 0, -1, 0, 0, -1, -1, 1, 0, -1, -1, 0, 0, -1, -1, 3, 1, -1, -1, 5, 4, 0, 0, -1, -1, 0, -1, -1, 0, 1, 1, -1, 0, 1, -1, 0, 5, -1, 0, -1, -1, 4, 1, 0, 5, -1, 0, 0, 0, 0, 0, 0, 0, 0, 0, 0, 0, 0, 0, 0, 0, 0, 3, 3, 3, 3, 3, -1, 3, 3, 3, 5, 3, 4, 4, -1, 4, 4, 4, 4, -1, -1, 5, 5, 5, 5, 0, 5, 5, 5, 5, 5, 5, 5, 5, 5, 5, 5, 5, 5, 5, 5, 5, 5, 5, 5, 5, 0, -1, 0, 0, 0, 0, 0, 0, 0, 0, 0, 0, 0, 0, 0, 0, 0, 0, 0, 0, 0, 0, 0, 0, 0, 0, 0, 0, 0, 0, 0, 0, 0, 0, 0, 0, 0, 0, 0, 0, 0, 0, 0, 0, 0, 0, 0, 0, 0, 0, 0, 0, 0, 0, 0, 0, 0, 0, 3, 3, 3, 3, 3, 3, 3, 3, 3, 5, 3, 3, 5, 3, 5, 3, 3, 5, 3, 3, 3, 3, 3, 3, 3, 3, 3, 3, -1, 3, 5, 3, 3, 3, 3, 3, 3, 3, 3, 3, 3, 3, 3, 3, 3, 5, -1, 5, 5, 3, 3, 3, 3, 3, 3, -1, 3, 4, 4, 4, 4, 4, 4, 4, -1, 4, 4, 4, 4, 4, 4, 4, -1, 4, -1, 4, 4, 4, 4, 4, 4, 4, 4, 4, 4, 4, 4, 4, 4, 4, -1, 4, 4, 4, 4, 4, 4, 4, 4, 4, 4, -1, 4, 4, 4, 4, 4, 4, 4, 4, 4, 4, -1, -1, 4, 3, 4, 5, 4, 5, 5, 5, 5, 5, 5, 5, 3, 5, 5, 4, 5, 5, 5, 5, 2, 5, 5, 5, 5, 5, 5, 5, 5, 5, -1, 5, 5, 5, 5, 5, 5, 5, 5, 5, 5, 5, 5, 5, 2
1300, -1, 0, 0, 0, 0, 0, 0, 0, 0, 0, 0, 0, -1, 0, 0, 0, 0, 0, 4, 0, 0, 0, 0, -1, 0, -1, 0, 0, 0, -1, 0, 0, -1, 0, 0, 0, 0, 0, 0, 0, 0, 0, 0, 0, 0, 0, 0, 0, 0, 0, -1, 0, 0, 0, -1, 0, -1, 0, 0, 0, 0, -1, 0, -1, 0, 1, 0, 0, 3, -1, -1, 0, -1, 0, 1, -1, -1, -1, -1, 3, 0, 0, 0, -1, -1, 0, -1, 0, 0, -1, -1, 1, 0, -1, -1, 0, 0, -1, -1, 3, 1, -1, -1, 5, 4, 0, 0, -1, -1, 0, -1, -1, 0, 1, 1, -1, 0, 1, -1, 0, 5, -1, 0, -1, -1, 4, 1, 0, 5, -1, 0, 0, 0, 0, 0, 0, 0, 0, 0, 0, 0, 0, 0, 0, 0, 0, 3, 3, 3, 3, 3, -1, 3, 3, 3, 5, 3, 4, 4, -1, 4, 4, 4, 4, -1, -1, 5, 5, 5, 5, 0, 5, 5, 5, 5, 5, 5, 5, 5, 5, 5, 5, 5, 5, 5, 5, 5, 5, 5, 5, 5, 0, -1, 0, 0, 0, 0, 0, 0, 0, 0, 0, 0, 0, 0, 0, 0, 0, 0, 0, 0, 0, 0, 0, 0, 0, 0, 0, 0, 0, 0, 0, 0, 0, 0, 0, 0, 0, 0, 0, 0, 0, 0, 0, 0, 0, 0, 0, 0, 0, 0, 0, 0, 0, 0, 0, 0, 0, 0, 3, 3, 3, 3, 3, 3, 3, 3, 3, 5, 3, 3, 5, 3, 5, 3, 3, 5, 3, 3, 3, 3, 3, 3, 3, 3, 3, 3, -1, 3, 5, 3, 3, 3, 3, 3, 3, 3, 3, 3, 3, 3, 3, 3, 3, 5, -1, 5, 5, 3, 3, 3, 3, 3, 3, -1, 3, 4, 4, 4, 4, 4, 4, 4, -1, 4, 4, 4, 4, 4, 4, 4, -1, 4, -1, 4, 4, 4, 4, 4, 4, 4, 4, 4, 4, 4, 4, 4, 4, 4, -1, 4, 4, 4, 4, 4, 4, 4, 4, 4, 4, -1, 4, 4, 4, 4, 4, 4, 4, 4, 4, 4, -1, -1, 4, 3, 4, 5, 4, 5, 5, 5, 5, 5, 5, 5, 3, 5, 5, 4, 5, 5, 5, 5, 2, 5, 5, 5, 5, 5, 5, 5, 5, 5, -1, 5, 5, 5, 5, 5, 5, 5, 5, 5, 5, 5, 5, 5, 2
1400, -1, 0, 0, 0, 0, 0, 0, 0, 0, 0, 0, 0, -1, 0, 0, 0, 0, 0, 4, 0, 0, 0, 0, -1, 0, -1, 0, 0, 0, -1, 0, 0, -1, 0, 0, 0, 0, 0, 0, 0, 0, 0, 0, 0, 0, 0, 0, 0, 0, 0, -1, 0, 0, 0, -1, 0, -1, 0, 0, 0, 0, -1, 0, -1, 0, 1, 0, 0, 3, -1, -1, 0, -1, 0, 1, -1, -1, -1, -1, 3, 0, 0, 0, -1, -1, 0, -1, 0, 0, -1, -1, 1, 0, -1, -1, 0, 0, -1, -1, 3, 1, -1, -1, 5, 4, 0, 0, -1, -1, 0, -1, -1, 0, 1, 1, -1, 0, 1, -1, 0, 5, -1, 0, -1, -1, 4, 1, 0, 5, -1, 0, 0, 0, 0, 0, 0, 0, 0, 0, 0, 0, 0, 0, 0, 0, 0, 3, 3, 3, 3, 3, -1, 3, 3, 3, 5, 3, 4, 4, -1, 4, 4, 4, 4, -1, -1, 5, 5, 5, 5, 0, 5, 5, 5, 5, 5, 5, 5, 5, 5, 5, 5, 5, 5, 5, 5, 5, 5, 5, 5, 5, 0, -1, 0, 0, 0, 0, 0, 0, 0, 0, 0, 0, 0, 0, 0, 0, 0, 0, 0, 0, 0, 0, 0, 0, 0, 0, 0, 0, 0, 0, 0, 0, 0, 0, 0, 0, 0, 0, 0, 0, 0, 0, 0, 0, 0, 0, 0, 0, 0, 0, 0, 0, 0, 0, 0, 0, 0, 0, 3, 3, 3, 3, 3, 3, 3, 3, 3, 5, 3, 3, 5, 3, 5, 3, 3, 5, 3, 3, 3, 3, 3, 3, 3, 3, 3, 3, -1, 3, 5, 3, 3, 3, 3, 3, 3, 3, 3, 3, 3, 3, 3, 3, 3, 5, -1, 5, 5, 3, 3, 3, 3, 3, 3, -1, 3, 4, 4, 4, 4, 4, 4, 4, -1, 4, 4, 4, 4, 4, 4, 4, -1, 4, -1, 4, 4, 4, 4, 4, 4, 4, 4, 4, 4, 4, 4, 4, 4, 4, -1, 4, 4, 4, 4, 4, 4, 4, 4, 4, 4, -1, 4, 4, 4, 4, 4, 4, 4, 4, 4, 4, -1, -1, 4, 3, 4, 5, 4, 5, 5, 5, 5, 5, 5, 5, 3, 5, 5, 4, 5, 5, 5, 5, 2, 5, 5, 5, 5, 5, 5, 5, 5, 5, -1, 5, 5, 5, 5, 5, 5, 5, 5, 5, 5, 5, 5, 5, 2
1500, -1, 0, 0, 0, 0, 0, 0, 0, 0, 0, 0, 0, -1, 0, 0, 0, 0, 0, 4, 0, 0, 0, 0, -1, 0, -1, 0, 0, 0, -1, 0, 0, -1, 0, 0, 0, 0, 0, 0, 0, 0, 0, 0, 0, 0, 0, 0, 0, 0, 0, -1, 0, 0, 0, -1, 0, -1, 0, 0, 0, 0, -1, 0, -1, 0, 1, 0, 0, 3, -1, -1, 0, -1, 0, 1, -1, -1, -1, -1, 3, 0, 0, 0, -1, -1, 0, -1, 0, 0, -1, -1, 1, 0, -1, -1, 0, 0, -1, -1, 3, 1, -1, -1, 5, 4, 0, 0, -1, -1, 0, -1, -1, 0, 1, 1, -1, 0, 1, -1, 0, 5, -1, 0, -1, -1, 4, 1, 0, 5, -1, 0, 0, 0, 0, 0, 0, 0, 0, 0, 0, 0, 0, 0, 0, 0, 0, 3, 3, 3, 3, 3, -1, 3, 3, 3, 5, 3, 4, 4, -1, 4, 4, 4, 4, -1, -1, 5, 5, 5, 5, 0, 5, 5, 5, 5, 5, 5, 5, 5, 5, 5, 5, 5, 5, 5, 5, 5, 5, 5, 5, 5, 0, -1, 0, 0, 0, 0, 0, 0, 0, 0, 0, 0, 0, 0, 0, 0, 0, 0, 0, 0, 0, 0, 0, 0, 0, 0, 0, 0, 0, 0, 0, 0, 0, 0, 0, 0, 0, 0, 0, 0, 0, 0, 0, 0, 0, 0, 0, 0, 0, 0, 0, 0, 0, 0, 0, 0, 0, 0, 3, 3, 3, 3, 3, 3, 3, 3, 3, 5, 3, 3, 5, 3, 5, 3, 3, 5, 3, 3, 3, 3, 3, 3, 3, 3, 3, 3, -1, 3, 5, 3, 3, 3, 3, 3, 3, 3, 3, 3, 3, 3, 3, 3, 3, 5, -1, 5, 5, 3, 3, 3, 3, 3, 3, -1, 3, 4, 4, 4, 4, 4, 4, 4, -1, 4, 4, 4, 4, 4, 4, 4, -1, 4, -1, 4, 4, 4, 4, 4, 4, 4, 4, 4, 4, 4, 4, 4, 4, 4, -1, 4, 4, 4, 4, 4, 4, 4, 4, 4, 4, -1, 4, 4, 4, 4, 4, 4, 4, 4, 4, 4, -1, -1, 4, 3, 4, 5, 4, 5, 5, 5, 5, 5, 5, 5, 3, 5, 5, 4, 5, 5, 5, 5, 2, 5, 5, 5, 5, 5, 5, 5, 5, 5, -1, 5, 5, 5, 5, 5, 5, 5, 5, 5, 5, 5, 5, 5, 2
1600, -1, 0, 0, 0, 0, 0, 0, 0, 0, 0, 0, 0, -1, 0, 0, 0, 0, 0, 4, 0, 0, 0, 0, -1, 0, -1, 0, 0, 0, -1, 0, 0, -1, 0, 0, 0, 0, 0, 0, 0, 0, 0, 0, 0, 0, 0, 0, 0, 0, 0, -1, 0, 0, 0, -1, 0, -1, 0, 0, 0, 0, -1, 0, -1, 0, 1, 0, 0, 3, -1, -1, 0, -1, 0, 1, -1, -1, -1, -1, 3, 0, 0, 0, -1, -1, 0, -1, 0, 0, -1, -1, 1, 0, -1, -1, 0, 0, -1, -1, 3, 1, -1, -1, 5, 4, 0, 0, -1, -1, 0, -1, -1, 0, 1, 1, -1, 0, 1, -1, 0, 5, -1, 0, -1, -1, 4, 1, 0, 5, -1, 0, 0, 0, 0, 0, 0, 0, 0, 0, 0, 0, 0, 0, 0, 0, 0, 3, 3, 3, 3, 3, -1, 3, 3, 3, 5, 3, 4, 4, -1, 4, 4, 4, 4, -1, -1, 5, 5, 5, 5, 0, 5, 5, 5, 5, 5, 5, 5, 5, 5, 5, 5, 5, 5, 5, 5, 5, 5, 5, 5, 5, 0, -1, 0, 0, 0, 0, 0, 0, 0, 0, 0, 0, 0, 0, 0, 0, 0, 0, 0, 0, 0, 0, 0, 0, 0, 0, 0, 0, 0, 0, 0, 0, 0, 0, 0, 0, 0, 0, 0, 0, 0, 0, 0, 0, 0, 0, 0, 0, 0, 0, 0, 0, 0, 0, 0, 0, 0, 0, 3, 3, 3, 3, 3, 3, 3, 3, 3, 5, 3, 3, 5, 3, 5, 3, 3, 5, 3, 3, 3, 3, 3, 3, 3, 3, 3, 3, -1, 3, 5, 3, 3, 3, 3, 3, 3, 3, 3, 3, 3, 3, 3, 3, 3, 5, -1, 5, 5, 3, 3, 3, 3, 3, 3, -1, 3, 4, 4, 4, 4, 4, 4, 4, -1, 4, 4, 4, 4, 4, 4, 4, -1, 4, -1, 4, 4, 4, 4, 4, 4, 4, 4, 4, 4, 4, 4, 4, 4, 4, -1, 4, 4, 4, 4, 4, 4, 4, 4, 4, 4, -1, 4, 4, 4, 4, 4, 4, 4, 4, 4, 4, -1, -1, 4, 3, 4, 5, 4, 5, 5, 5, 5, 5, 5, 5, 3, 5, 5, 4, 5, 5, 5, 5, 2, 5, 5, 5, 5, 5, 5, 5, 5, 5, -1, 5, 5, 5, 5, 5, 5, 5, 5, 5, 5, 5, 5, 5, 2
1700, -1, 0, 0, 0, 0, 0, 0, 0, 0, 0, 0, 0, -1, 0, 0, 0, 0, 0, 4, 0, 0, 0, 0, -1, 0, -1, 0, 0, 0, -1, 0, 0, -1, 0, 0, 0, 0, 0, 0, 0, 0, 0, 0, 0, 0, 0, 0, 0, 0, 0, -1, 0, 0, 0, -1, 0, -1, 0, 0, 0, 0, -1, 0, -1, 0, 1, 0, 0, 3, -1, -1, 0, -1, 0, 1, -1, -1, -1, -1, 3, 0, 0, 0, -1, -1, 0, -1, 0, 0, -1, -1, 1, 0, -1, -1, 0, 0, -1, -1, 3, 1, -1, -1, 5, 4, 0, 0, -1, -1, 0, -1, -1, 0, 1, 1, -1, 0, 1, -1, 0, 5, -1, 0, -1, -1, 4, 1, 0, 5, -1, 0, 0, 0, 0, 0, 0, 0, 0, 0, 0, 0, 0, 0, 0, 0, 0, 3, 3, 3, 3, 3, -1, 3, 3, 3, 5, 3, 4, 4, -1, 4, 4, 4, 4, -1, -1, 5, 5, 5, 5, 0, 5, 5, 5, 5, 5, 5, 5, 5, 5, 5, 5, 5, 5, 5, 5, 5, 5, 5, 5, 5, 0, -1, 0, 0, 0, 0, 0, 0, 0, 0, 0, 0, 0, 0, 0, 0, 0, 0, 0, 0, 0, 0, 0, 0, 0, 0, 0, 0, 0, 0, 0, 0, 0, 0, 0, 0, 0, 0, 0, 0, 0, 0, 0, 0, 0, 0, 0, 0, 0, 0, 0, 0, 0, 0, 0, 0, 0, 0, 3, 3, 3, 3, 3, 3, 3, 3, 3, 5, 3, 3, 5, 3, 5, 3, 3, 5, 3, 3, 3, 3, 3, 3, 3, 3, 3, 3, -1, 3, 5, 3, 3, 3, 3, 3, 3, 3, 3, 3, 3, 3, 3, 3, 3, 5, -1, 5, 5, 3, 3, 3, 3, 3, 3, -1, 3, 4, 4, 4, 4, 4, 4, 4, -1, 4, 4, 4, 4, 4, 4, 4, -1, 4, -1, 4, 4, 4, 4, 4, 4, 4, 4, 4, 4, 4, 4, 4, 4, 4, -1, 4, 4, 4, 4, 4, 4, 4, 4, 4, 4, -1, 4, 4, 4, 4, 4, 4, 4, 4, 4, 4, -1, -1, 4, 3, 4, 5, 4, 5, 5, 5, 5, 5, 5, 5, 3, 5, 5, 4, 5, 5, 5, 5, 2, 5, 5, 5, 5, 5, 5, 5, 5, 5, -1, 5, 5, 5, 5, 5, 5, 5, 5, 5, 5, 5, 5, 5, 2
1800, -1, 0, 0, 0, 0, 0, 0, 0, 0, 0, 0, 0, -1, 0, 0, 0, 0, 0, 4, 0, 0, 0, 0, -1, 0, -1, 0, 0, 0, -1, 0, 0, -1, 0, 0, 0, 0, 0, 0, 0, 0, 0, 0, 0, 0, 0, 0, 0, 0, 0, -1, 0, 0, 0, -1, 0, -1, 0, 0, 0, 0, -1, 0, -1, 0, 1, 0, 0, 3, -1, -1, 0, -1, 0, 1, -1, -1, -1, -1, 3, 0, 0, 0, -1, -1, 0, -1, 0, 0, -1, -1, 1, 0, -1, -1, 0, 0, -1, -1, 3, 1, -1, -1, 5, 4, 0, 0, -1, -1, 0, -1, -1, 0, 1, 1, -1, 0, 1, -1, 0, 5, -1, 0, -1, -1, 4, 1, 0, 5, -1, 0, 0, 0, 0, 0, 0, 0, 0, 0, 0, 0, 0, 0, 0, 0, 0, 3, 3, 3, 3, 3, -1, 3, 3, 3, 5, 3, 4, 4, -1, 4, 4, 4, 4, -1, -1, 5, 5, 5, 5, 0, 5, 5, 5, 5, 5, 5, 5, 5, 5, 5, 5, 5, 5, 5, 5, 5, 5, 5, 5, 5, 0, -1, 0, 0, 0, 0, 0, 0, 0, 0, 0, 0, 0, 0, 0, 0, 0, 0, 0, 0, 0, 0, 0, 0, 0, 0, 0, 0, 0, 0, 0, 0, 0, 0, 0, 0, 0, 0, 0, 0, 0, 0, 0, 0, 0, 0, 0, 0, 0, 0, 0, 0, 0, 0, 0, 0, 0, 0, 3, 3, 3, 3, 3, 3, 3, 3, 3, 5, 3, 3, 5, 3, 5, 3, 3, 5, 3, 3, 3, 3, 3, 3, 3, 3, 3, 3, -1, 3, 5, 3, 3, 3, 3, 3, 3, 3, 3, 3, 3, 3, 3, 3, 3, 5, -1, 5, 5, 3, 3, 3, 3, 3, 3, -1, 3, 4, 4, 4, 4, 4, 4, 4, -1, 4, 4, 4, 4, 4, 4, 4, -1, 4, -1, 4, 4, 4, 4, 4, 4, 4, 4, 4, 4, 4, 4, 4, 4, 4, -1, 4, 4, 4, 4, 4, 4, 4, 4, 4, 4, -1, 4, 4, 4, 4, 4, 4, 4, 4, 4, 4, -1, -1, 4, 3, 4, 5, 4, 5, 5, 5, 5, 5, 5, 5, 3, 5, 5, 4, 5, 5, 5, 5, 2, 5, 5, 5, 5, 5, 5, 5, 5, 5, -1, 5, 5, 5, 5, 5, 5, 5, 5, 5, 5, 5, 5, 5, 2
1900, -1, 0, 0, 0, 0, 0, 0, 0, 0, 0, 0, 0, -1, 0, 0, 0, 0, 0, 4, 0, 0, 0, 0, -1, 0, -1, 0, 0, 0, -1, 0, 0, -1, 0, 0, 0, 0, 0, 0, 0, 0, 0, 0, 0, 0, 0, 0, 0, 0, 0, -1, 0, 0, 0, -1, 0, -1, 0, 0, 0, 0, -1, 0, -1, 0, 1, 0, 0, 3, -1, -1, 0, -1, 0, 1, -1, -1, -1, -1, 3, 0, 0, 0, -1, -1, 0, -1, 0, 0, -1, -1, 1, 0, -1, -1, 0, 0, -1, -1, 3, 1, -1, -1, 5, 4, 0, 0, -1, -1, 0, -1, -1, 0, 1, 1, -1, 0, 1, -1, 0, 5, -1, 0, -1, -1, 4, 1, 0, 5, -1, 0, 0, 0, 0, 0, 0, 0, 0, 0, 0, 0, 0, 0, 0, 0, 0, 3, 3, 3, 3, 3, -1, 3, 3, 3, 5, 3, 4, 4, -1, 4, 4, 4, 4, -1, -1, 5, 5, 5, 5, 0, 5, 5, 5, 5, 5, 5, 5, 5, 5, 5, 5, 5, 5, 5, 5, 5, 5, 5, 5, 5, 0, -1, 0, 0, 0, 0, 0, 0, 0, 0, 0, 0, 0, 0, 0, 0, 0, 0, 0, 0, 0, 0, 0, 0, 0, 0, 0, 0, 0, 0, 0, 0, 0, 0, 0, 0, 0, 0, 0, 0, 0, 0, 0, 0, 0, 0, 0, 0, 0, 0, 0, 0, 0, 0, 0, 0, 0, 0, 3, 3, 3, 3, 3, 3, 3, 3, 3, 5, 3, 3, 5, 3, 5, 3, 3, 5, 3, 3, 3, 3, 3, 3, 3, 3, 3, 3, -1, 3, 5, 3, 3, 3, 3, 3, 3, 3, 3, 3, 3, 3, 3, 3, 3, 5, -1, 5, 5, 3, 3, 3, 3, 3, 3, -1, 3, 4, 4, 4, 4, 4, 4, 4, -1, 4, 4, 4, 4, 4, 4, 4, -1, 4, -1, 4, 4, 4, 4, 4, 4, 4, 4, 4, 4, 4, 4, 4, 4, 4, -1, 4, 4, 4, 4, 4, 4, 4, 4, 4, 4, -1, 4, 4, 4, 4, 4, 4, 4, 4, 4, 4, -1, -1, 4, 3, 4, 5, 4, 5, 5, 5, 5, 5, 5, 5, 3, 5, 5, 4, 5, 5, 5, 5, 2, 5, 5, 5, 5, 5, 5, 5, 5, 5, -1, 5, 5, 5, 5, 5, 5, 5, 5, 5, 5, 5, 5, 5, 2
2000, -1, 0, 0, 0, 0, 0, 0, 0, 0, 0, 0, 0, -1, 0, 0, 0, 0, 0, 4, 0, 0, 0, 0, -1, 0, -1, 0, 0, 0, -1, 0, 0, -1, 0, 0, 0, 0, 0, 0, 0, 0, 0, 0, 0, 0, 0, 0, 0, 0, 0, -1, 0, 0, 0, -1, 0, -1, 0, 0, 0, 0, -1, 0, -1, 0, 1, 0, 0, 3, -1, -1, 0, -1, 0, 1, -1, -1, -1, -1, 3, 0, 0, 0, -1, -1, 0, -1, 0, 0, -1, -1, 1, 0, -1, -1, 0, 0, -1, -1, 3, 1, -1, -1, 5, 4, 0, 0, -1, -1, 0, -1, -1, 0, 1, 1, -1, 0, 1, -1, 0, 5, -1, 0, -1, -1, 4, 1, 0, 5, -1, 0, 0, 0, 0, 0, 0, 0, 0, 0, 0, 0, 0, 0, 0, 0, 0, 3, 3, 3, 3, 3, -1, 3, 3, 3, 5, 3, 4, 4, -1, 4, 4, 4, 4, -1, -1, 5, 5, 5, 5, 0, 5, 5, 5, 5, 5, 5, 5, 5, 5, 5, 5, 5, 5, 5, 5, 5, 5, 5, 5, 5, 0, -1, 0, 0, 0, 0, 0, 0, 0, 0, 0, 0, 0, 0, 0, 0, 0, 0, 0, 0, 0, 0, 0, 0, 0, 0, 0, 0, 0, 0, 0, 0, 0, 0, 0, 0, 0, 0, 0, 0, 0, 0, 0, 0, 0, 0, 0, 0, 0, 0, 0, 0, 0, 0, 0, 0, 0, 0, 3, 3, 3, 3, 3, 3, 3, 3, 3, 5, 3, 3, 5, 3, 5, 3, 3, 5, 3, 3, 3, 3, 3, 3, 3, 3, 3, 3, -1, 3, 5, 3, 3, 3, 3, 3, 3, 3, 3, 3, 3, 3, 3, 3, 3, 5, -1, 5, 5, 3, 3, 3, 3, 3, 3, -1, 3, 4, 4, 4, 4, 4, 4, 4, -1, 4, 4, 4, 4, 4, 4, 4, -1, 4, -1, 4, 4, 4, 4, 4, 4, 4, 4, 4, 4, 4, 4, 4, 4, 4, -1, 4, 4, 4, 4, 4, 4, 4, 4, 4, 4, -1, 4, 4, 4, 4, 4, 4, 4, 4, 4, 4, -1, -1, 4, 3, 4, 5, 4, 5, 5, 5, 5, 5, 5, 5, 3, 5, 5, 4, 5, 5, 5, 5, 2, 5, 5, 5, 5, 5, 5, 5, 5, 5, -1, 5, 5, 5, 5, 5, 5, 5, 5, 5, 5, 5, 5, 5, 2
2100, -1, 0, 0, 0, 0, 0, 0, 0, 0, 0, 0, 0, -1, 0, 0, 0, 0, 0, 4, 0, 0, 0, 0, -1, 0, -1, 0, 0, 0, -1, 0, 0, -1, 0, 0, 0, 0, 0, 0, 0, 0, 0, 0, 0, 0, 0, 0, 0, 0, 0, -1, 0, 0, 0, -1, 0, -1, 0, 0, 0, 0, -1, 0, -1, 0, 1, 0, 0, 3, -1, -1, 0, -1, 0, 1, -1, -1, -1, -1, 3, 0, 0, 0, -1, -1, 0, -1, 0, 0, -1, -1, 1, 0, -1, -1, 0, 0, -1, -1, 3, 1, -1, -1, 5, 4, 0, 0, -1, -1, 0, -1, -1, 0, 1, 1, -1, 0, 1, -1, 0, 5, -1, 0, -1, -1, 4, 1, 0, 5, -1, 0, 0, 0, 0, 0, 0, 0, 0, 0, 0, 0, 0, 0, 0, 0, 0, 3, 3, 3, 3, 3, -1, 3, 3, 3, 5, 3, 4, 4, -1, 4, 4, 4, 4, -1, -1, 5, 5, 5, 5, 0, 5, 5, 5, 5, 5, 5, 5, 5, 5, 5, 5, 5, 5, 5, 5, 5, 5, 5, 5, 5, 0, -1, 0, 0, 0, 0, 0, 0, 0, 0, 0, 0, 0, 0, 0, 0, 0, 0, 0, 0, 0, 0, 0, 0, 0, 0, 0, 0, 0, 0, 0, 0, 0, 0, 0, 0, 0, 0, 0, 0, 0, 0, 0, 0, 0, 0, 0, 0, 0, 0, 0, 0, 0, 0, 0, 0, 0, 0, 3, 3, 3, 3, 3, 3, 3, 3, 3, 5, 3, 3, 5, 3, 5, 3, 3, 5, 3, 3, 3, 3, 3, 3, 3, 3, 3, 3, -1, 3, 5, 3, 3, 3, 3, 3, 3, 3, 3, 3, 3, 3, 3, 3, 3, 5, -1, 5, 5, 3, 3, 3, 3, 3, 3, -1, 3, 4, 4, 4, 4, 4, 4, 4, -1, 4, 4, 4, 4, 4, 4, 4, -1, 4, -1, 4, 4, 4, 4, 4, 4, 4, 4, 4, 4, 4, 4, 4, 4, 4, -1, 4, 4, 4, 4, 4, 4, 4, 4, 4, 4, -1, 4, 4, 4, 4, 4, 4, 4, 4, 4, 4, -1, -1, 4, 3, 4, 5, 4, 5, 5, 5, 5, 5, 5, 5, 3, 5, 5, 4, 5, 5, 5, 5, 2, 5, 5, 5, 5, 5, 5, 5, 5, 5, -1, 5, 5, 5, 5, 5, 5, 5, 5, 5, 5, 5, 5, 5, 2
2200, -1, 0, 0, 0, 0, 0, 0, 0, 0, 0, 0, 0, -1, 0, 0, 0, 0, 0, 4, 0, 0, 0, 0, -1, 0, -1, 0, 0, 0, -1, 0, 0, -1, 0, 0, 0, 0, 0, 0, 0, 0, 0, 0, 0, 0, 0, 0, 0, 0, 0, -1, 0, 0, 0, -1, 0, -1, 0, 0, 0, 0, -1, 0, -1, 0, 1, 0, 0, 3, -1, -1, 0, -1, 0, 1, -1, -1, -1, -1, 3, 0, 0, 0, -1, -1, 0, -1, 0, 0, -1, -1, 1, 0, -1, -1, 0, 0, -1, -1, 3, 1, -1, -1, 5, 4, 0, 0, -1, -1, 0, -1, -1, 0, 1, 1, -1, 0, 1, -1, 0, 5, -1, 0, -1, -1, 4, 1, 0, 5, -1, 0, 0, 0, 0, 0, 0, 0, 0, 0, 0, 0, 0, 0, 0, 0, 0, 3, 3, 3, 3, 3, -1, 3, 3, 3, 5, 3, 4, 4, -1, 4, 4, 4, 4, -1, -1, 5, 5, 5, 5, 0, 5, 5, 5, 5, 5, 5, 5, 5, 5, 5, 5, 5, 5, 5, 5, 5, 5, 5, 5, 5, 0, -1, 0, 0, 0, 0, 0, 0, 0, 0, 0, 0, 0, 0, 0, 0, 0, 0, 0, 0, 0, 0, 0, 0, 0, 0, 0, 0, 0, 0, 0, 0, 0, 0, 0, 0, 0, 0, 0, 0, 0, 0, 0, 0, 0, 0, 0, 0, 0, 0, 0, 0, 0, 0, 0, 0, 0, 0, 3, 3, 3, 3, 3, 3, 3, 3, 3, 5, 3, 3, 5, 3, 5, 3, 3, 5, 3, 3, 3, 3, 3, 3, 3, 3, 3, 3, -1, 3, 5, 3, 3, 3, 3, 3, 3, 3, 3, 3, 3, 3, 3, 3, 3, 5, -1, 5, 5, 3, 3, 3, 3, 3, 3, -1, 3, 4, 4, 4, 4, 4, 4, 4, -1, 4, 4, 4, 4, 4, 4, 4, -1, 4, -1, 4, 4, 4, 4, 4, 4, 4, 4, 4, 4, 4, 4, 4, 4, 4, -1, 4, 4, 4, 4, 4, 4, 4, 4, 4, 4, -1, 4, 4, 4, 4, 4, 4, 4, 4, 4, 4, -1, -1, 4, 3, 4, 5, 4, 5, 5, 5, 5, 5, 5, 5, 3, 5, 5, 4, 5, 5, 5, 5, 2, 5, 5, 5, 5, 5, 5, 5, 5, 5, -1, 5, 5, 5, 5, 5, 5, 5, 5, 5, 5, 5, 5, 5, 2
2300, -1, 0, 0, 0, 0, 0, 0, 0, 0, 0, 0, 0, -1, 0, 0, 0, 0, 0, 4, 0, 0, 0, 0, -1, 0, -1, 0, 0, 0, -1, 0, 0, -1, 0, 0, 0, 0, 0, 0, 0, 0, 0, 0, 0, 0, 0, 0, 0, 0, 0, -1, 0, 0, 0, -1, 0, -1, 0, 0, 0, 0, -1, 0, -1, 0, 1, 0, 0, 3, -1, -1, 0, -1, 0, 1, -1, -1, -1, -1, 3, 0, 0, 0, -1, -1, 0, -1, 0, 0, -1, -1, 1, 0, -1, -1, 0, 0, -1, -1, 3, 1, -1, -1, 5, 4, 0, 0, -1, -1, 0, -1, -1, 0, 1, 1, -1, 0, 1, -1, 0, 5, -1, 0, -1, -1, 4, 1, 0, 5, -1, 0, 0, 0, 0, 0, 0, 0, 0, 0, 0, 0, 0, 0, 0, 0, 0, 3, 3, 3, 3, 3, -1, 3, 3, 3, 5, 3, 4, 4, -1, 4, 4, 4, 4, -1, -1, 5, 5, 5, 5, 0, 5, 5, 5, 5, 5, 5, 5, 5, 5, 5, 5, 5, 5, 5, 5, 5, 5, 5, 5, 5, 0, -1, 0, 0, 0, 0, 0, 0, 0, 0, 0, 0, 0, 0, 0, 0, 0, 0, 0, 0, 0, 0, 0, 0, 0, 0, 0, 0, 0, 0, 0, 0, 0, 0, 0, 0, 0, 0, 0, 0, 0, 0, 0, 0, 0, 0, 0, 0, 0, 0, 0, 0, 0, 0, 0, 0, 0, 0, 3, 3, 3, 3, 3, 3, 3, 3, 3, 5, 3, 3, 5, 3, 5, 3, 3, 5, 3, 3, 3, 3, 3, 3, 3, 3, 3, 3, -1, 3, 5, 3, 3, 3, 3, 3, 3, 3, 3, 3, 3, 3, 3, 3, 3, 5, -1, 5, 5, 3, 3, 3, 3, 3, 3, -1, 3, 4, 4, 4, 4, 4, 4, 4, -1, 4, 4, 4, 4, 4, 4, 4, -1, 4, -1, 4, 4, 4, 4, 4, 4, 4, 4, 4, 4, 4, 4, 4, 4, 4, -1, 4, 4, 4, 4, 4, 4, 4, 4, 4, 4, -1, 4, 4, 4, 4, 4, 4, 4, 4, 4, 4, -1, -1, 4, 3, 4, 5, 4, 5, 5, 5, 5, 5, 5, 5, 3, 5, 5, 4, 5, 5, 5, 5, 2, 5, 5, 5, 5, 5, 5, 5, 5, 5, -1, 5, 5, 5, 5, 5, 5, 5, 5, 5, 5, 5, 5, 5, 2
2400, -1, 0, 0, 0, 0, 0, 0, 0, 0, 0, 0, 0, -1, 0, 0, 0, 0, 0, 4, 0, 0, 0, 0, -1, 0, -1, 0, 0, 0, -1, 0, 0, -1, 0, 0, 0, 0, 0, 0, 0, 0, 0, 0, 0, 0, 0, 0, 0, 0, 0, -1, 0, 0, 0, -1, 0, -1, 0, 0, 0, 0, -1, 0, -1, 0, 1, 0, 0, 3, -1, -1, 0, -1, 0, 1, -1, -1, -1, -1, 3, 0, 0, 0, -1, -1, 0, -1, 0, 0, -1, -1, 1, 0, -1, -1, 0, 0, -1, -1, 3, 1, -1, -1, 5, 4, 0, 0, -1, -1, 0, -1, -1, 0, 1, 1, -1, 0, 1, -1, 0, 5, -1, 0, -1, -1, 4, 1, 0, 5, -1, 0, 0, 0, 0, 0, 0, 0, 0, 0, 0, 0, 0, 0, 0, 0, 0, 3, 3, 3, 3, 3, -1, 3, 3, 3, 5, 3, 4, 4, -1, 4, 4, 4, 4, -1, -1, 5, 5, 5, 5, 0, 5, 5, 5, 5, 5, 5, 5, 5, 5, 5, 5, 5, 5, 5, 5, 5, 5, 5, 5, 5, 0, -1, 0, 0, 0, 0, 0, 0, 0, 0, 0, 0, 0, 0, 0, 0, 0, 0, 0, 0, 0, 0, 0, 0, 0, 0, 0, 0, 0, 0, 0, 0, 0, 0, 0, 0, 0, 0, 0, 0, 0, 0, 0, 0, 0, 0, 0, 0, 0, 0, 0, 0, 0, 0, 0, 0, 0, 0, 3, 3, 3, 3, 3, 3, 3, 3, 3, 5, 3, 3, 5, 3, 5, 3, 3, 5, 3, 3, 3, 3, 3, 3, 3, 3, 3, 3, -1, 3, 5, 3, 3, 3, 3, 3, 3, 3, 3, 3, 3, 3, 3, 3, 3, 5, -1, 5, 5, 3, 3, 3, 3, 3, 3, -1, 3, 4, 4, 4, 4, 4, 4, 4, -1, 4, 4, 4, 4, 4, 4, 4, -1, 4, -1, 4, 4, 4, 4, 4, 4, 4, 4, 4, 4, 4, 4, 4, 4, 4, -1, 4, 4, 4, 4, 4, 4, 4, 4, 4, 4, -1, 4, 4, 4, 4, 4, 4, 4, 4, 4, 4, -1, -1, 4, 3, 4, 5, 4, 5, 5, 5, 5, 5, 5, 5, 3, 5, 5, 4, 5, 5, 5, 5, 2, 5, 5, 5, 5, 5, 5, 5, 5, 5, -1, 5, 5, 5, 5, 5, 5, 5, 5, 5, 5, 5, 5, 5, 2
2500, -1, 0, 0, 0, 0, 0, 0, 0, 0, 0, 0, 0, -1, 0, 0, 0, 0, 0, 4, 0, 0, 0, 0, -1, 0, -1, 0, 0, 0, -1, 0, 0, -1, 0, 0, 0, 0, 0, 0, 0, 0, 0, 0, 0, 0, 0, 0, 0, 0, 0, -1, 0, 0, 0, -1, 0, -1, 0, 0, 0, 0, -1, 0, -1, 0, 1, 0, 0, 3, -1, -1, 0, -1, 0, 1, -1, -1, -1, -1, 3, 0, 0, 0, -1, -1, 0, -1, 0, 0, -1, -1, 1, 0, -1, -1, 0, 0, -1, -1, 3, 1, -1, -1, 5, 4, 0, 0, -1, -1, 0, -1, -1, 0, 1, 1, -1, 0, 1, -1, 0, 5, -1, 0, -1, -1, 4, 1, 0, 5, -1, 0, 0, 0, 0, 0, 0, 0, 0, 0, 0, 0, 0, 0, 0, 0, 0, 3, 3, 3, 3, 3, -1, 3, 3, 3, 5, 3, 4, 4, -1, 4, 4, 4, 4, -1, -1, 5, 5, 5, 5, 0, 5, 5, 5, 5, 5, 5, 5, 5, 5, 5, 5, 5, 5, 5, 5, 5, 5, 5, 5, 5, 0, -1, 0, 0, 0, 0, 0, 0, 0, 0, 0, 0, 0, 0, 0, 0, 0, 0, 0, 0, 0, 0, 0, 0, 0, 0, 0, 0, 0, 0, 0, 0, 0, 0, 0, 0, 0, 0, 0, 0, 0, 0, 0, 0, 0, 0, 0, 0, 0, 0, 0, 0, 0, 0, 0, 0, 0, 0, 3, 3, 3, 3, 3, 3, 3, 3, 3, 5, 3, 3, 5, 3, 5, 3, 3, 5, 3, 3, 3, 3, 3, 3, 3, 3, 3, 3, -1, 3, 5, 3, 3, 3, 3, 3, 3, 3, 3, 3, 3, 3, 3, 3, 3, 5, -1, 5, 5, 3, 3, 3, 3, 3, 3, -1, 3, 4, 4, 4, 4, 4, 4, 4, -1, 4, 4, 4, 4, 4, 4, 4, -1, 4, -1, 4, 4, 4, 4, 4, 4, 4, 4, 4, 4, 4, 4, 4, 4, 4, -1, 4, 4, 4, 4, 4, 4, 4, 4, 4, 4, -1, 4, 4, 4, 4, 4, 4, 4, 4, 4, 4, -1, -1, 4, 3, 4, 5, 4, 5, 5, 5, 5, 5, 5, 5, 3, 5, 5, 4, 5, 5, 5, 5, 2, 5, 5, 5, 5, 5, 5, 5, 5, 5, -1, 5, 5, 5, 5, 5, 5, 5, 5, 5, 5, 5, 5, 5, 2
2600, -1, 0, 0, 0, 0, 0, 0, 0, 0, 0, 0, 0, -1, 0, 0, 0, 0, 0, 4, 0, 0, 0, 0, -1, 0, -1, 0, 0, 0, -1, 0, 0, -1, 0, 0, 0, 0, 0, 0, 0, 0, 0, 0, 0, 0, 0, 0, 0, 0, 0, -1, 0, 0, 0, -1, 0, -1, 0, 0, 0, 0, -1, 0, -1, 0, 1, 0, 0, 3, -1, -1, 0, -1, 0, 1, -1, -1, -1, -1, 3, 0, 0, 0, -1, -1, 0, -1, 0, 0, -1, -1, 1, 0, -1, -1, 0, 0, -1, -1, 3, 1, -1, -1, 5, 4, 0, 0, -1, -1, 0, -1, -1, 0, 1, 1, -1, 0, 1, -1, 0, 5, -1, 0, -1, -1, 4, 1, 0, 5, -1, 0, 0, 0, 0, 0, 0, 0, 0, 0, 0, 0, 0, 0, 0, 0, 0, 3, 3, 3, 3, 3, -1, 3, 3, 3, 5, 3, 4, 4, -1, 4, 4, 4, 4, -1, -1, 5, 5, 5, 5, 0, 5, 5, 5, 5, 5, 5, 5, 5, 5, 5, 5, 5, 5, 5, 5, 5, 5, 5, 5, 5, 0, -1, 0, 0, 0, 0, 0, 0, 0, 0, 0, 0, 0, 0, 0, 0, 0, 0, 0, 0, 0, 0, 0, 0, 0, 0, 0, 0, 0, 0, 0, 0, 0, 0, 0, 0, 0, 0, 0, 0, 0, 0, 0, 0, 0, 0, 0, 0, 0, 0, 0, 0, 0, 0, 0, 0, 0, 0, 3, 3, 3, 3, 3, 3, 3, 3, 3, 5, 3, 3, 5, 3, 5, 3, 3, 5, 3, 3, 3, 3, 3, 3, 3, 3, 3, 3, -1, 3, 5, 3, 3, 3, 3, 3, 3, 3, 3, 3, 3, 3, 3, 3, 3, 5, -1, 5, 5, 3, 3, 3, 3, 3, 3, -1, 3, 4, 4, 4, 4, 4, 4, 4, -1, 4, 4, 4, 4, 4, 4, 4, -1, 4, -1, 4, 4, 4, 4, 4, 4, 4, 4, 4, 4, 4, 4, 4, 4, 4, -1, 4, 4, 4, 4, 4, 4, 4, 4, 4, 4, -1, 4, 4, 4, 4, 4, 4, 4, 4, 4, 4, -1, -1, 4, 3, 4, 5, 4, 5, 5, 5, 5, 5, 5, 5, 3, 5, 5, 4, 5, 5, 5, 5, 2, 5, 5, 5, 5, 5, 5, 5, 5, 5, -1, 5, 5, 5, 5, 5, 5, 5, 5, 5, 5, 5, 5, 5, 2
2700, -1, 0, 0, 0, 0, 0, 0, 0, 0, 0, 0, 0, -1, 0, 0, 0, 0, 0, 4, 0, 0, 0, 0, -1, 0, -1, 0, 0, 0, -1, 0, 0, -1, 0, 0, 0, 0, 0, 0, 0, 0, 0, 0, 0, 0, 0, 0, 0, 0, 0, -1, 0, 0, 0, -1, 0, -1, 0, 0, 0, 0, -1, 0, -1, 0, 1, 0, 0, 3, -1, -1, 0, -1, 0, 1, -1, -1, -1, -1, 3, 0, 0, 0, -1, -1, 0, -1, 0, 0, -1, -1, 1, 0, -1, -1, 0, 0, -1, -1, 3, 1, -1, -1, 5, 4, 0, 0, -1, -1, 0, -1, -1, 0, 1, 1, -1, 0, 1, -1, 0, 5, -1, 0, -1, -1, 4, 1, 0, 5, -1, 0, 0, 0, 0, 0, 0, 0, 0, 0, 0, 0, 0, 0, 0, 0, 0, 3, 3, 3, 3, 3, -1, 3, 3, 3, 5, 3, 4, 4, -1, 4, 4, 4, 4, -1, -1, 5, 5, 5, 5, 0, 5, 5, 5, 5, 5, 5, 5, 5, 5, 5, 5, 5, 5, 5, 5, 5, 5, 5, 5, 5, 0, -1, 0, 0, 0, 0, 0, 0, 0, 0, 0, 0, 0, 0, 0, 0, 0, 0, 0, 0, 0, 0, 0, 0, 0, 0, 0, 0, 0, 0, 0, 0, 0, 0, 0, 0, 0, 0, 0, 0, 0, 0, 0, 0, 0, 0, 0, 0, 0, 0, 0, 0, 0, 0, 0, 0, 0, 0, 3, 3, 3, 3, 3, 3, 3, 3, 3, 5, 3, 3, 5, 3, 5, 3, 3, 5, 3, 3, 3, 3, 3, 3, 3, 3, 3, 3, -1, 3, 5, 3, 3, 3, 3, 3, 3, 3, 3, 3, 3, 3, 3, 3, 3, 5, -1, 5, 5, 3, 3, 3, 3, 3, 3, -1, 3, 4, 4, 4, 4, 4, 4, 4, -1, 4, 4, 4, 4, 4, 4, 4, -1, 4, -1, 4, 4, 4, 4, 4, 4, 4, 4, 4, 4, 4, 4, 4, 4, 4, -1, 4, 4, 4, 4, 4, 4, 4, 4, 4, 4, -1, 4, 4, 4, 4, 4, 4, 4, 4, 4, 4, -1, -1, 4, 3, 4, 5, 4, 5, 5, 5, 5, 5, 5, 5, 3, 5, 5, 4, 5, 5, 5, 5, 2, 5, 5, 5, 5, 5, 5, 5, 5, 5, -1, 5, 5, 5, 5, 5, 5, 5, 5, 5, 5, 5, 5, 5, 2
2800, -1, 0, 0, 0, 0, 0, 0, 0, 0, 0, 0, 0, -1, 0, 0, 0, 0, 0, 4, 0, 0, 0, 0, -1, 0, -1, 0, 0, 0, -1, 0, 0, -1, 0, 0, 0, 0, 0, 0, 0, 0, 0, 0, 0, 0, 0, 0, 0, 0, 0, -1, 0, 0, 0, -1, 0, -1, 0, 0, 0, 0, -1, 0, -1, 0, 1, 0, 0, 3, -1, -1, 0, -1, 0, 1, -1, -1, -1, -1, 3, 0, 0, 0, -1, -1, 0, -1, 0, 0, -1, -1, 1, 0, -1, -1, 0, 0, -1, -1, 3, 1, -1, -1, 5, 4, 0, 0, -1, -1, 0, -1, -1, 0, 1, 1, -1, 0, 1, -1, 0, 5, -1, 0, -1, -1, 4, 1, 0, 5, -1, 0, 0, 0, 0, 0, 0, 0, 0, 0, 0, 0, 0, 0, 0, 0, 0, 3, 3, 3, 3, 3, -1, 3, 3, 3, 5, 3, 4, 4, -1, 4, 4, 4, 4, -1, -1, 5, 5, 5, 5, 0, 5, 5, 5, 5, 5, 5, 5, 5, 5, 5, 5, 5, 5, 5, 5, 5, 5, 5, 5, 5, 0, -1, 0, 0, 0, 0, 0, 0, 0, 0, 0, 0, 0, 0, 0, 0, 0, 0, 0, 0, 0, 0, 0, 0, 0, 0, 0, 0, 0, 0, 0, 0, 0, 0, 0, 0, 0, 0, 0, 0, 0, 0, 0, 0, 0, 0, 0, 0, 0, 0, 0, 0, 0, 0, 0, 0, 0, 0, 3, 3, 3, 3, 3, 3, 3, 3, 3, 5, 3, 3, 5, 3, 5, 3, 3, 5, 3, 3, 3, 3, 3, 3, 3, 3, 3, 3, -1, 3, 5, 3, 3, 3, 3, 3, 3, 3, 3, 3, 3, 3, 3, 3, 3, 5, -1, 5, 5, 3, 3, 3, 3, 3, 3, -1, 3, 4, 4, 4, 4, 4, 4, 4, -1, 4, 4, 4, 4, 4, 4, 4, -1, 4, -1, 4, 4, 4, 4, 4, 4, 4, 4, 4, 4, 4, 4, 4, 4, 4, -1, 4, 4, 4, 4, 4, 4, 4, 4, 4, 4, -1, 4, 4, 4, 4, 4, 4, 4, 4, 4, 4, -1, -1, 4, 3, 4, 5, 4, 5, 5, 5, 5, 5, 5, 5, 3, 5, 5, 4, 5, 5, 5, 5, 2, 5, 5, 5, 5, 5, 5, 5, 5, 5, -1, 5, 5, 5, 5, 5, 5, 5, 5, 5, 5, 5, 5, 5, 2
2900, -1, 0, 0, 0, 0, 0, 0, 0, 0, 0, 0, 0, -1, 0, 0, 0, 0, 0, 4, 0, 0, 0, 0, -1, 0, -1, 0, 0, 0, -1, 0, 0, -1, 0, 0, 0, 0, 0, 0, 0, 0, 0, 0, 0, 0, 0, 0, 0, 0, 0, -1, 0, 0, 0, -1, 0, -1, 0, 0, 0, 0, -1, 0, -1, 0, 1, 0, 0, 3, -1, -1, 0, -1, 0, 1, -1, -1, -1, -1, 3, 0, 0, 0, -1, -1, 0, -1, 0, 0, -1, -1, 1, 0, -1, -1, 0, 0, -1, -1, 3, 1, -1, -1, 5, 4, 0, 0, -1, -1, 0, -1, -1, 0, 1, 1, -1, 0, 1, -1, 0, 5, -1, 0, -1, -1, 4, 1, 0, 5, -1, 0, 0, 0, 0, 0, 0, 0, 0, 0, 0, 0, 0, 0, 0, 0, 0, 3, 3, 3, 3, 3, -1, 3, 3, 3, 5, 3, 4, 4, -1, 4, 4, 4, 4, -1, -1, 5, 5, 5, 5, 0, 5, 5, 5, 5, 5, 5, 5, 5, 5, 5, 5, 5, 5, 5, 5, 5, 5, 5, 5, 5, 0, -1, 0, 0, 0, 0, 0, 0, 0, 0, 0, 0, 0, 0, 0, 0, 0, 0, 0, 0, 0, 0, 0, 0, 0, 0, 0, 0, 0, 0, 0, 0, 0, 0, 0, 0, 0, 0, 0, 0, 0, 0, 0, 0, 0, 0, 0, 0, 0, 0, 0, 0, 0, 0, 0, 0, 0, 0, 3, 3, 3, 3, 3, 3, 3, 3, 3, 5, 3, 3, 5, 3, 5, 3, 3, 5, 3, 3, 3, 3, 3, 3, 3, 3, 3, 3, -1, 3, 5, 3, 3, 3, 3, 3, 3, 3, 3, 3, 3, 3, 3, 3, 3, 5, -1, 5, 5, 3, 3, 3, 3, 3, 3, -1, 3, 4, 4, 4, 4, 4, 4, 4, -1, 4, 4, 4, 4, 4, 4, 4, -1, 4, -1, 4, 4, 4, 4, 4, 4, 4, 4, 4, 4, 4, 4, 4, 4, 4, -1, 4, 4, 4, 4, 4, 4, 4, 4, 4, 4, -1, 4, 4, 4, 4, 4, 4, 4, 4, 4, 4, -1, -1, 4, 3, 4, 5, 4, 5, 5, 5, 5, 5, 5, 5, 3, 5, 5, 4, 5, 5, 5, 5, 2, 5, 5, 5, 5, 5, 5, 5, 5, 5, -1, 5, 5, 5, 5, 5, 5, 5, 5, 5, 5, 5, 5, 5, 2
3000, -1, 0, 0, 0, 0, 0, 0, 0, 0, 0, 0, 0, -1, 0, 0, 0, 0, 0, 4, 0, 0, 0, 0, -1, 0, -1, 0, 0, 0, -1, 0, 0, -1, 0, 0, 0, 0, 0, 0, 0, 0, 0, 0, 0, 0, 0, 0, 0, 0, 0, -1, 0, 0, 0, -1, 0, -1, 0, 0, 0, 0, -1, 0, -1, 0, 1, 0, 0, 3, -1, -1, 0, -1, 0, 1, -1, -1, -1, -1, 3, 0, 0, 0, -1, -1, 0, -1, 0, 0, -1, -1, 1, 0, -1, -1, 0, 0, -1, -1, 3, 1, -1, -1, 5, 4, 0, 0, -1, -1, 0, -1, -1, 0, 1, 1, -1, 0, 1, -1, 0, 5, -1, 0, -1, -1, 4, 1, 0, 5, -1, 0, 0, 0, 0, 0, 0, 0, 0, 0, 0, 0, 0, 0, 0, 0, 0, 3, 3, 3, 3, 3, -1, 3, 3, 3, 5, 3, 4, 4, -1, 4, 4, 4, 4, -1, -1, 5, 5, 5, 5, 0, 5, 5, 5, 5, 5, 5, 5, 5, 5, 5, 5, 5, 5, 5, 5, 5, 5, 5, 5, 5, 0, -1, 0, 0, 0, 0, 0, 0, 0, 0, 0, 0, 0, 0, 0, 0, 0, 0, 0, 0, 0, 0, 0, 0, 0, 0, 0, 0, 0, 0, 0, 0, 0, 0, 0, 0, 0, 0, 0, 0, 0, 0, 0, 0, 0, 0, 0, 0, 0, 0, 0, 0, 0, 0, 0, 0, 0, 0, 3, 3, 3, 3, 3, 3, 3, 3, 3, 5, 3, 3, 5, 3, 5, 3, 3, 5, 3, 3, 3, 3, 3, 3, 3, 3, 3, 3, -1, 3, 5, 3, 3, 3, 3, 3, 3, 3, 3, 3, 3, 3, 3, 3, 3, 5, -1, 5, 5, 3, 3, 3, 3, 3, 3, -1, 3, 4, 4, 4, 4, 4, 4, 4, -1, 4, 4, 4, 4, 4, 4, 4, -1, 4, -1, 4, 4, 4, 4, 4, 4, 4, 4, 4, 4, 4, 4, 4, 4, 4, -1, 4, 4, 4, 4, 4, 4, 4, 4, 4, 4, -1, 4, 4, 4, 4, 4, 4, 4, 4, 4, 4, -1, -1, 4, 3, 4, 5, 4, 5, 5, 5, 5, 5, 5, 5, 3, 5, 5, 4, 5, 5, 5, 5, 2, 5, 5, 5, 5, 5, 5, 5, 5, 5, -1, 5, 5, 5, 5, 5, 5, 5, 5, 5, 5, 5, 5, 5, 2
3100, -1, 0, 0, 0, 0, 0, 0, 0, 0, 0, 0, 0, -1, 0, 0, 0, 0, 0, 4, 0, 0, 0, 0, -1, 0, -1, 0, 0, 0, -1, 0, 0, -1, 0, 0, 0, 0, 0, 0, 0, 0, 0, 0, 0, 0, 0, 0, 0, 0, 0, -1, 0, 0, 0, -1, 0, -1, 0, 0, 0, 0, -1, 0, -1, 0, 1, 0, 0, 3, -1, -1, 0, -1, 0, 1, -1, -1, -1, -1, 3, 0, 0, 0, -1, -1, 0, -1, 0, 0, -1, -1, 1, 0, -1, -1, 0, 0, -1, -1, 3, 1, -1, -1, 5, 4, 0, 0, -1, -1, 0, -1, -1, 0, 1, 1, -1, 0, 1, -1, 0, 5, -1, 0, -1, -1, 4, 1, 0, 5, -1, 0, 0, 0, 0, 0, 0, 0, 0, 0, 0, 0, 0, 0, 0, 0, 0, 3, 3, 3, 3, 3, -1, 3, 3, 3, 5, 3, 4, 4, -1, 4, 4, 4, 4, -1, -1, 5, 5, 5, 5, 0, 5, 5, 5, 5, 5, 5, 5, 5, 5, 5, 5, 5, 5, 5, 5, 5, 5, 5, 5, 5, 0, -1, 0, 0, 0, 0, 0, 0, 0, 0, 0, 0, 0, 0, 0, 0, 0, 0, 0, 0, 0, 0, 0, 0, 0, 0, 0, 0, 0, 0, 0, 0, 0, 0, 0, 0, 0, 0, 0, 0, 0, 0, 0, 0, 0, 0, 0, 0, 0, 0, 0, 0, 0, 0, 0, 0, 0, 0, 3, 3, 3, 3, 3, 3, 3, 3, 3, 5, 3, 3, 5, 3, 5, 3, 3, 5, 3, 3, 3, 3, 3, 3, 3, 3, 3, 3, -1, 3, 5, 3, 3, 3, 3, 3, 3, 3, 3, 3, 3, 3, 3, 3, 3, 5, -1, 5, 5, 3, 3, 3, 3, 3, 3, -1, 3, 4, 4, 4, 4, 4, 4, 4, -1, 4, 4, 4, 4, 4, 4, 4, -1, 4, -1, 4, 4, 4, 4, 4, 4, 4, 4, 4, 4, 4, 4, 4, 4, 4, -1, 4, 4, 4, 4, 4, 4, 4, 4, 4, 4, -1, 4, 4, 4, 4, 4, 4, 4, 4, 4, 4, -1, -1, 4, 3, 4, 5, 4, 5, 5, 5, 5, 5, 5, 5, 3, 5, 5, 4, 5, 5, 5, 5, 2, 5, 5, 5, 5, 5, 5, 5, 5, 5, -1, 5, 5, 5, 5, 5, 5, 5, 5, 5, 5, 5, 5, 5, 2
3200, -1, 0, 0, 0, 0, 0, 0, 0, 0, 0, 0, 0, -1, 0, 0, 0, 0, 0, 4, 0, 0, 0, 0, -1, 0, -1, 0, 0, 0, -1, 0, 0, -1, 0, 0, 0, 0, 0, 0, 0, 0, 0, 0, 0, 0, 0, 0, 0, 0, 0, -1, 0, 0, 0, -1, 0, -1, 0, 0, 0, 0, -1, 0, -1, 0, 1, 0, 0, 3, -1, -1, 0, -1, 0, 1, -1, -1, -1, -1, 3, 0, 0, 0, -1, -1, 0, -1, 0, 0, -1, -1, 1, 0, -1, -1, 0, 0, -1, -1, 3, 1, -1, -1, 5, 4, 0, 0, -1, -1, 0, -1, -1, 0, 1, 1, -1, 0, 1, -1, 0, 5, -1, 0, -1, -1, 4, 1, 0, 5, -1, 0, 0, 0, 0, 0, 0, 0, 0, 0, 0, 0, 0, 0, 0, 0, 0, 3, 3, 3, 3, 3, -1, 3, 3, 3, 5, 3, 4, 4, -1, 4, 4, 4, 4, -1, -1, 5, 5, 5, 5, 0, 5, 5, 5, 5, 5, 5, 5, 5, 5, 5, 5, 5, 5, 5, 5, 5, 5, 5, 5, 5, 0, -1, 0, 0, 0, 0, 0, 0, 0, 0, 0, 0, 0, 0, 0, 0, 0, 0, 0, 0, 0, 0, 0, 0, 0, 0, 0, 0, 0, 0, 0, 0, 0, 0, 0, 0, 0, 0, 0, 0, 0, 0, 0, 0, 0, 0, 0, 0, 0, 0, 0, 0, 0, 0, 0, 0, 0, 0, 3, 3, 3, 3, 3, 3, 3, 3, 3, 5, 3, 3, 5, 3, 5, 3, 3, 5, 3, 3, 3, 3, 3, 3, 3, 3, 3, 3, -1, 3, 5, 3, 3, 3, 3, 3, 3, 3, 3, 3, 3, 3, 3, 3, 3, 5, -1, 5, 5, 3, 3, 3, 3, 3, 3, -1, 3, 4, 4, 4, 4, 4, 4, 4, -1, 4, 4, 4, 4, 4, 4, 4, -1, 4, -1, 4, 4, 4, 4, 4, 4, 4, 4, 4, 4, 4, 4, 4, 4, 4, -1, 4, 4, 4, 4, 4, 4, 4, 4, 4, 4, -1, 4, 4, 4, 4, 4, 4, 4, 4, 4, 4, -1, -1, 4, 3, 4, 5, 4, 5, 5, 5, 5, 5, 5, 5, 3, 5, 5, 4, 5, 5, 5, 5, 2, 5, 5, 5, 5, 5, 5, 5, 5, 5, -1, 5, 5, 5, 5, 5, 5, 5, 5, 5, 5, 5, 5, 5, 2
3300, -1, 0, 0, 0, 0, 0, 0, 0, 0, 0, 0, 0, -1, 0, 0, 0, 0, 0, 4, 0, 0, 0, 0, -1, 0, -1, 0, 0, 0, -1, 0, 0, -1, 0, 0, 0, 0, 0, 0, 0, 0, 0, 0, 0, 0, 0, 0, 0, 0, 0, -1, 0, 0, 0, -1, 0, -1, 0, 0, 0, 0, -1, 0, -1, 0, 1, 0, 0, 3, -1, -1, 0, -1, 0, 1, -1, -1, -1, -1, 3, 0, 0, 0, -1, -1, 0, -1, 0, 0, -1, -1, 1, 0, -1, -1, 0, 0, -1, -1, 3, 1, -1, -1, 5, 4, 0, 0, -1, -1, 0, -1, -1, 0, 1, 1, -1, 0, 1, -1, 0, 5, -1, 0, -1, -1, 4, 1, 0, 5, -1, 0, 0, 0, 0, 0, 0, 0, 0, 0, 0, 0, 0, 0, 0, 0, 0, 3, 3, 3, 3, 3, -1, 3, 3, 3, 5, 3, 4, 4, -1, 4, 4, 4, 4, -1, -1, 5, 5, 5, 5, 0, 5, 5, 5, 5, 5, 5, 5, 5, 5, 5, 5, 5, 5, 5, 5, 5, 5, 5, 5, 5, 0, -1, 0, 0, 0, 0, 0, 0, 0, 0, 0, 0, 0, 0, 0, 0, 0, 0, 0, 0, 0, 0, 0, 0, 0, 0, 0, 0, 0, 0, 0, 0, 0, 0, 0, 0, 0, 0, 0, 0, 0, 0, 0, 0, 0, 0, 0, 0, 0, 0, 0, 0, 0, 0, 0, 0, 0, 0, 3, 3, 3, 3, 3, 3, 3, 3, 3, 5, 3, 3, 5, 3, 5, 3, 3, 5, 3, 3, 3, 3, 3, 3, 3, 3, 3, 3, -1, 3, 5, 3, 3, 3, 3, 3, 3, 3, 3, 3, 3, 3, 3, 3, 3, 5, -1, 5, 5, 3, 3, 3, 3, 3, 3, -1, 3, 4, 4, 4, 4, 4, 4, 4, -1, 4, 4, 4, 4, 4, 4, 4, -1, 4, -1, 4, 4, 4, 4, 4, 4, 4, 4, 4, 4, 4, 4, 4, 4, 4, -1, 4, 4, 4, 4, 4, 4, 4, 4, 4, 4, -1, 4, 4, 4, 4, 4, 4, 4, 4, 4, 4, -1, -1, 4, 3, 4, 5, 4, 5, 5, 5, 5, 5, 5, 5, 3, 5, 5, 4, 5, 5, 5, 5, 2, 5, 5, 5, 5, 5, 5, 5, 5, 5, -1, 5, 5, 5, 5, 5, 5, 5, 5, 5, 5, 5, 5, 5, 2
3400, -1, 0, 0, 0, 0, 0, 0, 0, 0, 0, 0, 0, -1, 0, 0, 0, 0, 0, 4, 0, 0, 0, 0, -1, 0, -1, 0, 0, 0, -1, 0, 0, -1, 0, 0, 0, 0, 0, 0, 0, 0, 0, 0, 0, 0, 0, 0, 0, 0, 0, -1, 0, 0, 0, -1, 0, -1, 0, 0, 0, 0, -1, 0, -1, 0, 1, 0, 0, 3, -1, -1, 0, -1, 0, 1, -1, -1, -1, -1, 3, 0, 0, 0, -1, -1, 0, -1, 0, 0, -1, -1, 1, 0, -1, -1, 0, 0, -1, -1, 3, 1, -1, -1, 5, 4, 0, 0, -1, -1, 0, -1, -1, 0, 1, 1, -1, 0, 1, -1, 0, 5, -1, 0, -1, -1, 4, 1, 0, 5, -1, 0, 0, 0, 0, 0, 0, 0, 0, 0, 0, 0, 0, 0, 0, 0, 0, 3, 3, 3, 3, 3, -1, 3, 3, 3, 5, 3, 4, 4, -1, 4, 4, 4, 4, -1, -1, 5, 5, 5, 5, 0, 5, 5, 5, 5, 5, 5, 5, 5, 5, 5, 5, 5, 5, 5, 5, 5, 5, 5, 5, 5, 0, -1, 0, 0, 0, 0, 0, 0, 0, 0, 0, 0, 0, 0, 0, 0, 0, 0, 0, 0, 0, 0, 0, 0, 0, 0, 0, 0, 0, 0, 0, 0, 0, 0, 0, 0, 0, 0, 0, 0, 0, 0, 0, 0, 0, 0, 0, 0, 0, 0, 0, 0, 0, 0, 0, 0, 0, 0, 3, 3, 3, 3, 3, 3, 3, 3, 3, 5, 3, 3, 5, 3, 5, 3, 3, 5, 3, 3, 3, 3, 3, 3, 3, 3, 3, 3, -1, 3, 5, 3, 3, 3, 3, 3, 3, 3, 3, 3, 3, 3, 3, 3, 3, 5, -1, 5, 5, 3, 3, 3, 3, 3, 3, -1, 3, 4, 4, 4, 4, 4, 4, 4, -1, 4, 4, 4, 4, 4, 4, 4, -1, 4, -1, 4, 4, 4, 4, 4, 4, 4, 4, 4, 4, 4, 4, 4, 4, 4, -1, 4, 4, 4, 4, 4, 4, 4, 4, 4, 4, -1, 4, 4, 4, 4, 4, 4, 4, 4, 4, 4, -1, -1, 4, 3, 4, 5, 4, 5, 5, 5, 5, 5, 5, 5, 3, 5, 5, 4, 5, 5, 5, 5, 2, 5, 5, 5, 5, 5, 5, 5, 5, 5, -1, 5, 5, 5, 5, 5, 5, 5, 5, 5, 5, 5, 5, 5, 2
3500, -1, 0, 0, 0, 0, 0, 0, 0, 0, 0, 0, 0, -1, 0, 0, 0, 0, 0, 4, 0, 0, 0, 0, -1, 0, -1, 0, 0, 0, -1, 0, 0, -1, 0, 0, 0, 0, 0, 0, 0, 0, 0, 0, 0, 0, 0, 0, 0, 0, 0, -1, 0, 0, 0, -1, 0, -1, 0, 0, 0, 0, -1, 0, -1, 0, 1, 0, 0, 3, -1, -1, 0, -1, 0, 1, -1, -1, -1, -1, 3, 0, 0, 0, -1, -1, 0, -1, 0, 0, -1, -1, 1, 0, -1, -1, 0, 0, -1, -1, 3, 1, -1, -1, 5, 4, 0, 0, -1, -1, 0, -1, -1, 0, 1, 1, -1, 0, 1, -1, 0, 5, -1, 0, -1, -1, 4, 1, 0, 5, -1, 0, 0, 0, 0, 0, 0, 0, 0, 0, 0, 0, 0, 0, 0, 0, 0, 3, 3, 3, 3, 3, -1, 3, 3, 3, 5, 3, 4, 4, -1, 4, 4, 4, 4, -1, -1, 5, 5, 5, 5, 0, 5, 5, 5, 5, 5, 5, 5, 5, 5, 5, 5, 5, 5, 5, 5, 5, 5, 5, 5, 5, 0, -1, 0, 0, 0, 0, 0, 0, 0, 0, 0, 0, 0, 0, 0, 0, 0, 0, 0, 0, 0, 0, 0, 0, 0, 0, 0, 0, 0, 0, 0, 0, 0, 0, 0, 0, 0, 0, 0, 0, 0, 0, 0, 0, 0, 0, 0, 0, 0, 0, 0, 0, 0, 0, 0, 0, 0, 0, 3, 3, 3, 3, 3, 3, 3, 3, 3, 5, 3, 3, 5, 3, 5, 3, 3, 5, 3, 3, 3, 3, 3, 3, 3, 3, 3, 3, -1, 3, 5, 3, 3, 3, 3, 3, 3, 3, 3, 3, 3, 3, 3, 3, 3, 5, -1, 5, 5, 3, 3, 3, 3, 3, 3, -1, 3, 4, 4, 4, 4, 4, 4, 4, -1, 4, 4, 4, 4, 4, 4, 4, -1, 4, -1, 4, 4, 4, 4, 4, 4, 4, 4, 4, 4, 4, 4, 4, 4, 4, -1, 4, 4, 4, 4, 4, 4, 4, 4, 4, 4, -1, 4, 4, 4, 4, 4, 4, 4, 4, 4, 4, -1, -1, 4, 3, 4, 5, 4, 5, 5, 5, 5, 5, 5, 5, 3, 5, 5, 4, 5, 5, 5, 5, 2, 5, 5, 5, 5, 5, 5, 5, 5, 5, -1, 5, 5, 5, 5, 5, 5, 5, 5, 5, 5, 5, 5, 5, 2
3600, -1, 0, 0, 0, 0, 0, 0, 0, 0, 0, 0, 0, -1, 0, 0, 0, 0, 0, 4, 0, 0, 0, 0, -1, 0, -1, 0, 0, 0, -1, 0, 0, -1, 0, 0, 0, 0, 0, 0, 0, 0, 0, 0, 0, 0, 0, 0, 0, 0, 0, -1, 0, 0, 0, -1, 0, -1, 0, 0, 0, 0, -1, 0, -1, 0, 1, 0, 0, 3, -1, -1, 0, -1, 0, 1, -1, -1, -1, -1, 3, 0, 0, 0, -1, -1, 0, -1, 0, 0, -1, -1, 1, 0, -1, -1, 0, 0, -1, -1, 3, 1, -1, -1, 5, 4, 0, 0, -1, -1, 0, -1, -1, 0, 1, 1, -1, 0, 1, -1, 0, 5, -1, 0, -1, -1, 4, 1, 0, 5, -1, 0, 0, 0, 0, 0, 0, 0, 0, 0, 0, 0, 0, 0, 0, 0, 0, 3, 3, 3, 3, 3, -1, 3, 3, 3, 5, 3, 4, 4, -1, 4, 4, 4, 4, -1, -1, 5, 5, 5, 5, 0, 5, 5, 5, 5, 5, 5, 5, 5, 5, 5, 5, 5, 5, 5, 5, 5, 5, 5, 5, 5, 0, -1, 0, 0, 0, 0, 0, 0, 0, 0, 0, 0, 0, 0, 0, 0, 0, 0, 0, 0, 0, 0, 0, 0, 0, 0, 0, 0, 0, 0, 0, 0, 0, 0, 0, 0, 0, 0, 0, 0, 0, 0, 0, 0, 0, 0, 0, 0, 0, 0, 0, 0, 0, 0, 0, 0, 0, 0, 3, 3, 3, 3, 3, 3, 3, 3, 3, 5, 3, 3, 5, 3, 5, 3, 3, 5, 3, 3, 3, 3, 3, 3, 3, 3, 3, 3, -1, 3, 5, 3, 3, 3, 3, 3, 3, 3, 3, 3, 3, 3, 3, 3, 3, 5, -1, 5, 5, 3, 3, 3, 3, 3, 3, -1, 3, 4, 4, 4, 4, 4, 4, 4, -1, 4, 4, 4, 4, 4, 4, 4, -1, 4, -1, 4, 4, 4, 4, 4, 4, 4, 4, 4, 4, 4, 4, 4, 4, 4, -1, 4, 4, 4, 4, 4, 4, 4, 4, 4, 4, -1, 4, 4, 4, 4, 4, 4, 4, 4, 4, 4, -1, -1, 4, 3, 4, 5, 4, 5, 5, 5, 5, 5, 5, 5, 3, 5, 5, 4, 5, 5, 5, 5, 2, 5, 5, 5, 5, 5, 5, 5, 5, 5, -1, 5, 5, 5, 5, 5, 5, 5, 5, 5, 5, 5, 5, 5, 2
3700, -1, 0, 0, 0, 0, 0, 0, 0, 0, 0, 0, 0, -1, 0, 0, 0, 0, 0, 4, 0, 0, 0, 0, -1, 0, -1, 0, 0, 0, -1, 0, 0, -1, 0, 0, 0, 0, 0, 0, 0, 0, 0, 0, 0, 0, 0, 0, 0, 0, 0, -1, 0, 0, 0, -1, 0, -1, 0, 0, 0, 0, -1, 0, -1, 0, 1, 0, 0, 3, -1, -1, 0, -1, 0, 1, -1, -1, -1, -1, 3, 0, 0, 0, -1, -1, 0, -1, 0, 0, -1, -1, 1, 0, -1, -1, 0, 0, -1, -1, 3, 1, -1, -1, 5, 4, 0, 0, -1, -1, 0, -1, -1, 0, 1, 1, -1, 0, 1, -1, 0, 5, -1, 0, -1, -1, 4, 1, 0, 5, -1, 0, 0, 0, 0, 0, 0, 0, 0, 0, 0, 0, 0, 0, 0, 0, 0, 3, 3, 3, 3, 3, -1, 3, 3, 3, 5, 3, 4, 4, -1, 4, 4, 4, 4, -1, -1, 5, 5, 5, 5, 0, 5, 5, 5, 5, 5, 5, 5, 5, 5, 5, 5, 5, 5, 5, 5, 5, 5, 5, 5, 5, 0, -1, 0, 0, 0, 0, 0, 0, 0, 0, 0, 0, 0, 0, 0, 0, 0, 0, 0, 0, 0, 0, 0, 0, 0, 0, 0, 0, 0, 0, 0, 0, 0, 0, 0, 0, 0, 0, 0, 0, 0, 0, 0, 0, 0, 0, 0, 0, 0, 0, 0, 0, 0, 0, 0, 0, 0, 0, 3, 3, 3, 3, 3, 3, 3, 3, 3, 5, 3, 3, 5, 3, 5, 3, 3, 5, 3, 3, 3, 3, 3, 3, 3, 3, 3, 3, -1, 3, 5, 3, 3, 3, 3, 3, 3, 3, 3, 3, 3, 3, 3, 3, 3, 5, -1, 5, 5, 3, 3, 3, 3, 3, 3, -1, 3, 4, 4, 4, 4, 4, 4, 4, -1, 4, 4, 4, 4, 4, 4, 4, -1, 4, -1, 4, 4, 4, 4, 4, 4, 4, 4, 4, 4, 4, 4, 4, 4, 4, -1, 4, 4, 4, 4, 4, 4, 4, 4, 4, 4, -1, 4, 4, 4, 4, 4, 4, 4, 4, 4, 4, -1, -1, 4, 3, 4, 5, 4, 5, 5, 5, 5, 5, 5, 5, 3, 5, 5, 4, 5, 5, 5, 5, 2, 5, 5, 5, 5, 5, 5, 5, 5, 5, -1, 5, 5, 5, 5, 5, 5, 5, 5, 5, 5, 5, 5, 5, 2
3800, -1, 0, 0, 0, 0, 0, 0, 0, 0, 0, 0, 0, -1, 0, 0, 0, 0, 0, 4, 0, 0, 0, 0, -1, 0, -1, 0, 0, 0, -1, 0, 0, -1, 0, 0, 0, 0, 0, 0, 0, 0, 0, 0, 0, 0, 0, 0, 0, 0, 0, -1, 0, 0, 0, -1, 0, -1, 0, 0, 0, 0, -1, 0, -1, 0, 1, 0, 0, 3, -1, -1, 0, -1, 0, 1, -1, -1, -1, -1, 3, 0, 0, 0, -1, -1, 0, -1, 0, 0, -1, -1, 1, 0, -1, -1, 0, 0, -1, -1, 3, 1, -1, -1, 5, 4, 0, 0, -1, -1, 0, -1, -1, 0, 1, 1, -1, 0, 1, -1, 0, 5, -1, 0, -1, -1, 4, 1, 0, 5, -1, 0, 0, 0, 0, 0, 0, 0, 0, 0, 0, 0, 0, 0, 0, 0, 0, 3, 3, 3, 3, 3, -1, 3, 3, 3, 5, 3, 4, 4, -1, 4, 4, 4, 4, -1, -1, 5, 5, 5, 5, 0, 5, 5, 5, 5, 5, 5, 5, 5, 5, 5, 5, 5, 5, 5, 5, 5, 5, 5, 5, 5, 0, -1, 0, 0, 0, 0, 0, 0, 0, 0, 0, 0, 0, 0, 0, 0, 0, 0, 0, 0, 0, 0, 0, 0, 0, 0, 0, 0, 0, 0, 0, 0, 0, 0, 0, 0, 0, 0, 0, 0, 0, 0, 0, 0, 0, 0, 0, 0, 0, 0, 0, 0, 0, 0, 0, 0, 0, 0, 3, 3, 3, 3, 3, 3, 3, 3, 3, 5, 3, 3, 5, 3, 5, 3, 3, 5, 3, 3, 3, 3, 3, 3, 3, 3, 3, 3, -1, 3, 5, 3, 3, 3, 3, 3, 3, 3, 3, 3, 3, 3, 3, 3, 3, 5, -1, 5, 5, 3, 3, 3, 3, 3, 3, -1, 3, 4, 4, 4, 4, 4, 4, 4, -1, 4, 4, 4, 4, 4, 4, 4, -1, 4, -1, 4, 4, 4, 4, 4, 4, 4, 4, 4, 4, 4, 4, 4, 4, 4, -1, 4, 4, 4, 4, 4, 4, 4, 4, 4, 4, -1, 4, 4, 4, 4, 4, 4, 4, 4, 4, 4, -1, -1, 4, 3, 4, 5, 4, 5, 5, 5, 5, 5, 5, 5, 3, 5, 5, 4, 5, 5, 5, 5, 2, 5, 5, 5, 5, 5, 5, 5, 5, 5, -1, 5, 5, 5, 5, 5, 5, 5, 5, 5, 5, 5, 5, 5, 2
3900, -1, 0, 0, 0, 0, 0, 0, 0, 0, 0, 0, 0, -1, 0, 0, 0, 0, 0, 4, 0, 0, 0, 0, -1, 0, -1, 0, 0, 0, -1, 0, 0, -1, 0, 0, 0, 0, 0, 0, 0, 0, 0, 0, 0, 0, 0, 0, 0, 0, 0, -1, 0, 0, 0, -1, 0, -1, 0, 0, 0, 0, -1, 0, -1, 0, 1, 0, 0, 3, -1, -1, 0, -1, 0, 1, -1, -1, -1, -1, 3, 0, 0, 0, -1, -1, 0, -1, 0, 0, -1, -1, 1, 0, -1, -1, 0, 0, -1, -1, 3, 1, -1, -1, 5, 4, 0, 0, -1, -1, 0, -1, -1, 0, 1, 1, -1, 0, 1, -1, 0, 5, -1, 0, -1, -1, 4, 1, 0, 5, -1, 0, 0, 0, 0, 0, 0, 0, 0, 0, 0, 0, 0, 0, 0, 0, 0, 3, 3, 3, 3, 3, -1, 3, 3, 3, 5, 3, 4, 4, -1, 4, 4, 4, 4, -1, -1, 5, 5, 5, 5, 0, 5, 5, 5, 5, 5, 5, 5, 5, 5, 5, 5, 5, 5, 5, 5, 5, 5, 5, 5, 5, 0, -1, 0, 0, 0, 0, 0, 0, 0, 0, 0, 0, 0, 0, 0, 0, 0, 0, 0, 0, 0, 0, 0, 0, 0, 0, 0, 0, 0, 0, 0, 0, 0, 0, 0, 0, 0, 0, 0, 0, 0, 0, 0, 0, 0, 0, 0, 0, 0, 0, 0, 0, 0, 0, 0, 0, 0, 0, 3, 3, 3, 3, 3, 3, 3, 3, 3, 5, 3, 3, 5, 3, 5, 3, 3, 5, 3, 3, 3, 3, 3, 3, 3, 3, 3, 3, -1, 3, 5, 3, 3, 3, 3, 3, 3, 3, 3, 3, 3, 3, 3, 3, 3, 5, -1, 5, 5, 3, 3, 3, 3, 3, 3, -1, 3, 4, 4, 4, 4, 4, 4, 4, -1, 4, 4, 4, 4, 4, 4, 4, -1, 4, -1, 4, 4, 4, 4, 4, 4, 4, 4, 4, 4, 4, 4, 4, 4, 4, -1, 4, 4, 4, 4, 4, 4, 4, 4, 4, 4, -1, 4, 4, 4, 4, 4, 4, 4, 4, 4, 4, -1, -1, 4, 3, 4, 5, 4, 5, 5, 5, 5, 5, 5, 5, 3, 5, 5, 4, 5, 5, 5, 5, 2, 5, 5, 5, 5, 5, 5, 5, 5, 5, -1, 5, 5, 5, 5, 5, 5, 5, 5, 5, 5, 5, 5, 5, 2
4000, -1, 0, 0, 0, 0, 0, 0, 0, 0, 0, 0, 0, -1, 0, 0, 0, 0, 0, 4, 0, 0, 0, 0, -1, 0, -1, 0, 0, 0, -1, 0, 0, -1, 0, 0, 0, 0, 0, 0, 0, 0, 0, 0, 0, 0, 0, 0, 0, 0, 0, -1, 0, 0, 0, -1, 0, -1, 0, 0, 0, 0, -1, 0, -1, 0, 1, 0, 0, 3, -1, -1, 0, -1, 0, 1, -1, -1, -1, -1, 3, 0, 0, 0, -1, -1, 0, -1, 0, 0, -1, -1, 1, 0, -1, -1, 0, 0, -1, -1, 3, 1, -1, -1, 5, 4, 0, 0, -1, -1, 0, -1, -1, 0, 1, 1, -1, 0, 1, -1, 0, 5, -1, 0, -1, -1, 4, 1, 0, 5, -1, 0, 0, 0, 0, 0, 0, 0, 0, 0, 0, 0, 0, 0, 0, 0, 0, 3, 3, 3, 3, 3, -1, 3, 3, 3, 5, 3, 4, 4, -1, 4, 4, 4, 4, -1, -1, 5, 5, 5, 5, 0, 5, 5, 5, 5, 5, 5, 5, 5, 5, 5, 5, 5, 5, 5, 5, 5, 5, 5, 5, 5, 0, -1, 0, 0, 0, 0, 0, 0, 0, 0, 0, 0, 0, 0, 0, 0, 0, 0, 0, 0, 0, 0, 0, 0, 0, 0, 0, 0, 0, 0, 0, 0, 0, 0, 0, 0, 0, 0, 0, 0, 0, 0, 0, 0, 0, 0, 0, 0, 0, 0, 0, 0, 0, 0, 0, 0, 0, 0, 3, 3, 3, 3, 3, 3, 3, 3, 3, 5, 3, 3, 5, 3, 5, 3, 3, 5, 3, 3, 3, 3, 3, 3, 3, 3, 3, 3, -1, 3, 5, 3, 3, 3, 3, 3, 3, 3, 3, 3, 3, 3, 3, 3, 3, 5, -1, 5, 5, 3, 3, 3, 3, 3, 3, -1, 3, 4, 4, 4, 4, 4, 4, 4, -1, 4, 4, 4, 4, 4, 4, 4, -1, 4, -1, 4, 4, 4, 4, 4, 4, 4, 4, 4, 4, 4, 4, 4, 4, 4, -1, 4, 4, 4, 4, 4, 4, 4, 4, 4, 4, -1, 4, 4, 4, 4, 4, 4, 4, 4, 4, 4, -1, -1, 4, 3, 4, 5, 4, 5, 5, 5, 5, 5, 5, 5, 3, 5, 5, 4, 5, 5, 5, 5, 2, 5, 5, 5, 5, 5, 5, 5, 5, 5, -1, 5, 5, 5, 5, 5, 5, 5, 5, 5, 5, 5, 5, 5, 2
4100, -1, 0, 0, 0, 0, 0, 0, 0, 0, 0, 0, 0, -1, 0, 0, 0, 0, 0, 4, 0, 0, 0, 0, -1, 0, -1, 0, 0, 0, -1, 0, 0, -1, 0, 0, 0, 0, 0, 0, 0, 0, 0, 0, 0, 0, 0, 0, 0, 0, 0, -1, 0, 0, 0, -1, 0, -1, 0, 0, 0, 0, -1, 0, -1, 0, 1, 0, 0, 3, -1, -1, 0, -1, 0, 1, -1, -1, -1, -1, 3, 0, 0, 0, -1, -1, 0, -1, 0, 0, -1, -1, 1, 0, -1, -1, 0, 0, -1, -1, 3, 1, -1, -1, 5, 4, 0, 0, -1, -1, 0, -1, -1, 0, 1, 1, -1, 0, 1, -1, 0, 5, -1, 0, -1, -1, 4, 1, 0, 5, -1, 0, 0, 0, 0, 0, 0, 0, 0, 0, 0, 0, 0, 0, 0, 0, 0, 3, 3, 3, 3, 3, -1, 3, 3, 3, 5, 3, 4, 4, -1, 4, 4, 4, 4, -1, -1, 5, 5, 5, 5, 0, 5, 5, 5, 5, 5, 5, 5, 5, 5, 5, 5, 5, 5, 5, 5, 5, 5, 5, 5, 5, 0, -1, 0, 0, 0, 0, 0, 0, 0, 0, 0, 0, 0, 0, 0, 0, 0, 0, 0, 0, 0, 0, 0, 0, 0, 0, 0, 0, 0, 0, 0, 0, 0, 0, 0, 0, 0, 0, 0, 0, 0, 0, 0, 0, 0, 0, 0, 0, 0, 0, 0, 0, 0, 0, 0, 0, 0, 0, 3, 3, 3, 3, 3, 3, 3, 3, 3, 5, 3, 3, 5, 3, 5, 3, 3, 5, 3, 3, 3, 3, 3, 3, 3, 3, 3, 3, -1, 3, 5, 3, 3, 3, 3, 3, 3, 3, 3, 3, 3, 3, 3, 3, 3, 5, -1, 5, 5, 3, 3, 3, 3, 3, 3, -1, 3, 4, 4, 4, 4, 4, 4, 4, -1, 4, 4, 4, 4, 4, 4, 4, -1, 4, -1, 4, 4, 4, 4, 4, 4, 4, 4, 4, 4, 4, 4, 4, 4, 4, -1, 4, 4, 4, 4, 4, 4, 4, 4, 4, 4, -1, 4, 4, 4, 4, 4, 4, 4, 4, 4, 4, -1, -1, 4, 3, 4, 5, 4, 5, 5, 5, 5, 5, 5, 5, 3, 5, 5, 4, 5, 5, 5, 5, 2, 5, 5, 5, 5, 5, 5, 5, 5, 5, -1, 5, 5, 5, 5, 5, 5, 5, 5, 5, 5, 5, 5, 5, 2
4200, -1, 0, 0, 0, 0, 0, 0, 0, 0, 0, 0, 0, -1, 0, 0, 0, 0, 0, 4, 0, 0, 0, 0, -1, 0, -1, 0, 0, 0, -1, 0, 0, -1, 0, 0, 0, 0, 0, 0, 0, 0, 0, 0, 0, 0, 0, 0, 0, 0, 0, -1, 0, 0, 0, -1, 0, -1, 0, 0, 0, 0, -1, 0, -1, 0, 1, 0, 0, 3, -1, -1, 0, -1, 0, 1, -1, -1, -1, -1, 3, 0, 0, 0, -1, -1, 0, -1, 0, 0, -1, -1, 1, 0, -1, -1, 0, 0, -1, -1, 3, 1, -1, -1, 5, 4, 0, 0, -1, -1, 0, -1, -1, 0, 1, 1, -1, 0, 1, -1, 0, 5, -1, 0, -1, -1, 4, 1, 0, 5, -1, 0, 0, 0, 0, 0, 0, 0, 0, 0, 0, 0, 0, 0, 0, 0, 0, 3, 3, 3, 3, 3, -1, 3, 3, 3, 5, 3, 4, 4, -1, 4, 4, 4, 4, -1, -1, 5, 5, 5, 5, 0, 5, 5, 5, 5, 5, 5, 5, 5, 5, 5, 5, 5, 5, 5, 5, 5, 5, 5, 5, 5, 0, -1, 0, 0, 0, 0, 0, 0, 0, 0, 0, 0, 0, 0, 0, 0, 0, 0, 0, 0, 0, 0, 0, 0, 0, 0, 0, 0, 0, 0, 0, 0, 0, 0, 0, 0, 0, 0, 0, 0, 0, 0, 0, 0, 0, 0, 0, 0, 0, 0, 0, 0, 0, 0, 0, 0, 0, 0, 3, 3, 3, 3, 3, 3, 3, 3, 3, 5, 3, 3, 5, 3, 5, 3, 3, 5, 3, 3, 3, 3, 3, 3, 3, 3, 3, 3, -1, 3, 5, 3, 3, 3, 3, 3, 3, 3, 3, 3, 3, 3, 3, 3, 3, 5, -1, 5, 5, 3, 3, 3, 3, 3, 3, -1, 3, 4, 4, 4, 4, 4, 4, 4, -1, 4, 4, 4, 4, 4, 4, 4, -1, 4, -1, 4, 4, 4, 4, 4, 4, 4, 4, 4, 4, 4, 4, 4, 4, 4, -1, 4, 4, 4, 4, 4, 4, 4, 4, 4, 4, -1, 4, 4, 4, 4, 4, 4, 4, 4, 4, 4, -1, -1, 4, 3, 4, 5, 4, 5, 5, 5, 5, 5, 5, 5, 3, 5, 5, 4, 5, 5, 5, 5, 2, 5, 5, 5, 5, 5, 5, 5, 5, 5, -1, 5, 5, 5, 5, 5, 5, 5, 5, 5, 5, 5, 5, 5, 2
4300, -1, 0, 0, 0, 0, 0, 0, 0, 0, 0, 0, 0, -1, 0, 0, 0, 0, 0, 4, 0, 0, 0, 0, -1, 0, -1, 0, 0, 0, -1, 0, 0, -1, 0, 0, 0, 0, 0, 0, 0, 0, 0, 0, 0, 0, 0, 0, 0, 0, 0, -1, 0, 0, 0, -1, 0, -1, 0, 0, 0, 0, -1, 0, -1, 0, 1, 0, 0, 3, -1, -1, 0, -1, 0, 1, -1, -1, -1, -1, 3, 0, 0, 0, -1, -1, 0, -1, 0, 0, -1, -1, 1, 0, -1, -1, 0, 0, -1, -1, 3, 1, -1, -1, 5, 4, 0, 0, -1, -1, 0, -1, -1, 0, 1, 1, -1, 0, 1, -1, 0, 5, -1, 0, -1, -1, 4, 1, 0, 5, -1, 0, 0, 0, 0, 0, 0, 0, 0, 0, 0, 0, 0, 0, 0, 0, 0, 3, 3, 3, 3, 3, -1, 3, 3, 3, 5, 3, 4, 4, -1, 4, 4, 4, 4, -1, -1, 5, 5, 5, 5, 0, 5, 5, 5, 5, 5, 5, 5, 5, 5, 5, 5, 5, 5, 5, 5, 5, 5, 5, 5, 5, 0, -1, 0, 0, 0, 0, 0, 0, 0, 0, 0, 0, 0, 0, 0, 0, 0, 0, 0, 0, 0, 0, 0, 0, 0, 0, 0, 0, 0, 0, 0, 0, 0, 0, 0, 0, 0, 0, 0, 0, 0, 0, 0, 0, 0, 0, 0, 0, 0, 0, 0, 0, 0, 0, 0, 0, 0, 0, 3, 3, 3, 3, 3, 3, 3, 3, 3, 5, 3, 3, 5, 3, 5, 3, 3, 5, 3, 3, 3, 3, 3, 3, 3, 3, 3, 3, -1, 3, 5, 3, 3, 3, 3, 3, 3, 3, 3, 3, 3, 3, 3, 3, 3, 5, -1, 5, 5, 3, 3, 3, 3, 3, 3, -1, 3, 4, 4, 4, 4, 4, 4, 4, -1, 4, 4, 4, 4, 4, 4, 4, -1, 4, -1, 4, 4, 4, 4, 4, 4, 4, 4, 4, 4, 4, 4, 4, 4, 4, -1, 4, 4, 4, 4, 4, 4, 4, 4, 4, 4, -1, 4, 4, 4, 4, 4, 4, 4, 4, 4, 4, -1, -1, 4, 3, 4, 5, 4, 5, 5, 5, 5, 5, 5, 5, 3, 5, 5, 4, 5, 5, 5, 5, 2, 5, 5, 5, 5, 5, 5, 5, 5, 5, -1, 5, 5, 5, 5, 5, 5, 5, 5, 5, 5, 5, 5, 5, 2
4400, -1, 0, 0, 0, 0, 0, 0, 0, 0, 0, 0, 0, -1, 0, 0, 0, 0, 0, 4, 0, 0, 0, 0, -1, 0, -1, 0, 0, 0, -1, 0, 0, -1, 0, 0, 0, 0, 0, 0, 0, 0, 0, 0, 0, 0, 0, 0, 0, 0, 0, -1, 0, 0, 0, -1, 0, -1, 0, 0, 0, 0, -1, 0, -1, 0, 1, 0, 0, 3, -1, -1, 0, -1, 0, 1, -1, -1, -1, -1, 3, 0, 0, 0, -1, -1, 0, -1, 0, 0, -1, -1, 1, 0, -1, -1, 0, 0, -1, -1, 3, 1, -1, -1, 5, 4, 0, 0, -1, -1, 0, -1, -1, 0, 1, 1, -1, 0, 1, -1, 0, 5, -1, 0, -1, -1, 4, 1, 0, 5, -1, 0, 0, 0, 0, 0, 0, 0, 0, 0, 0, 0, 0, 0, 0, 0, 0, 3, 3, 3, 3, 3, -1, 3, 3, 3, 5, 3, 4, 4, -1, 4, 4, 4, 4, -1, -1, 5, 5, 5, 5, 0, 5, 5, 5, 5, 5, 5, 5, 5, 5, 5, 5, 5, 5, 5, 5, 5, 5, 5, 5, 5, 0, -1, 0, 0, 0, 0, 0, 0, 0, 0, 0, 0, 0, 0, 0, 0, 0, 0, 0, 0, 0, 0, 0, 0, 0, 0, 0, 0, 0, 0, 0, 0, 0, 0, 0, 0, 0, 0, 0, 0, 0, 0, 0, 0, 0, 0, 0, 0, 0, 0, 0, 0, 0, 0, 0, 0, 0, 0, 3, 3, 3, 3, 3, 3, 3, 3, 3, 5, 3, 3, 5, 3, 5, 3, 3, 5, 3, 3, 3, 3, 3, 3, 3, 3, 3, 3, -1, 3, 5, 3, 3, 3, 3, 3, 3, 3, 3, 3, 3, 3, 3, 3, 3, 5, -1, 5, 5, 3, 3, 3, 3, 3, 3, -1, 3, 4, 4, 4, 4, 4, 4, 4, -1, 4, 4, 4, 4, 4, 4, 4, -1, 4, -1, 4, 4, 4, 4, 4, 4, 4, 4, 4, 4, 4, 4, 4, 4, 4, -1, 4, 4, 4, 4, 4, 4, 4, 4, 4, 4, -1, 4, 4, 4, 4, 4, 4, 4, 4, 4, 4, -1, -1, 4, 3, 4, 5, 4, 5, 5, 5, 5, 5, 5, 5, 3, 5, 5, 4, 5, 5, 5, 5, 2, 5, 5, 5, 5, 5, 5, 5, 5, 5, -1, 5, 5, 5, 5, 5, 5, 5, 5, 5, 5, 5, 5, 5, 2
4500, -1, 0, 0, 0, 0, 0, 0, 0, 0, 0, 0, 0, -1, 0, 0, 0, 0, 0, 4, 0, 0, 0, 0, -1, 0, -1, 0, 0, 0, -1, 0, 0, -1, 0, 0, 0, 0, 0, 0, 0, 0, 0, 0, 0, 0, 0, 0, 0, 0, 0, -1, 0, 0, 0, -1, 0, -1, 0, 0, 0, 0, -1, 0, -1, 0, 1, 0, 0, 3, -1, -1, 0, -1, 0, 1, -1, -1, -1, -1, 3, 0, 0, 0, -1, -1, 0, -1, 0, 0, -1, -1, 1, 0, -1, -1, 0, 0, -1, -1, 3, 1, -1, -1, 5, 4, 0, 0, -1, -1, 0, -1, -1, 0, 1, 1, -1, 0, 1, -1, 0, 5, -1, 0, -1, -1, 4, 1, 0, 5, -1, 0, 0, 0, 0, 0, 0, 0, 0, 0, 0, 0, 0, 0, 0, 0, 0, 3, 3, 3, 3, 3, -1, 3, 3, 3, 5, 3, 4, 4, -1, 4, 4, 4, 4, -1, -1, 5, 5, 5, 5, 0, 5, 5, 5, 5, 5, 5, 5, 5, 5, 5, 5, 5, 5, 5, 5, 5, 5, 5, 5, 5, 0, -1, 0, 0, 0, 0, 0, 0, 0, 0, 0, 0, 0, 0, 0, 0, 0, 0, 0, 0, 0, 0, 0, 0, 0, 0, 0, 0, 0, 0, 0, 0, 0, 0, 0, 0, 0, 0, 0, 0, 0, 0, 0, 0, 0, 0, 0, 0, 0, 0, 0, 0, 0, 0, 0, 0, 0, 0, 3, 3, 3, 3, 3, 3, 3, 3, 3, 5, 3, 3, 5, 3, 5, 3, 3, 5, 3, 3, 3, 3, 3, 3, 3, 3, 3, 3, -1, 3, 5, 3, 3, 3, 3, 3, 3, 3, 3, 3, 3, 3, 3, 3, 3, 5, -1, 5, 5, 3, 3, 3, 3, 3, 3, -1, 3, 4, 4, 4, 4, 4, 4, 4, -1, 4, 4, 4, 4, 4, 4, 4, -1, 4, -1, 4, 4, 4, 4, 4, 4, 4, 4, 4, 4, 4, 4, 4, 4, 4, -1, 4, 4, 4, 4, 4, 4, 4, 4, 4, 4, -1, 4, 4, 4, 4, 4, 4, 4, 4, 4, 4, -1, -1, 4, 3, 4, 5, 4, 5, 5, 5, 5, 5, 5, 5, 3, 5, 5, 4, 5, 5, 5, 5, 2, 5, 5, 5, 5, 5, 5, 5, 5, 5, -1, 5, 5, 5, 5, 5, 5, 5, 5, 5, 5, 5, 5, 5, 2
4600, -1, 0, 0, 0, 0, 0, 0, 0, 0, 0, 0, 0, -1, 0, 0, 0, 0, 0, 4, 0, 0, 0, 0, -1, 0, -1, 0, 0, 0, -1, 0, 0, -1, 0, 0, 0, 0, 0, 0, 0, 0, 0, 0, 0, 0, 0, 0, 0, 0, 0, -1, 0, 0, 0, -1, 0, -1, 0, 0, 0, 0, -1, 0, -1, 0, 1, 0, 0, 3, -1, -1, 0, -1, 0, 1, -1, -1, -1, -1, 3, 0, 0, 0, -1, -1, 0, -1, 0, 0, -1, -1, 1, 0, -1, -1, 0, 0, -1, -1, 3, 1, -1, -1, 5, 4, 0, 0, -1, -1, 0, -1, -1, 0, 1, 1, -1, 0, 1, -1, 0, 5, -1, 0, -1, -1, 4, 1, 0, 5, -1, 0, 0, 0, 0, 0, 0, 0, 0, 0, 0, 0, 0, 0, 0, 0, 0, 3, 3, 3, 3, 3, -1, 3, 3, 3, 5, 3, 4, 4, -1, 4, 4, 4, 4, -1, -1, 5, 5, 5, 5, 0, 5, 5, 5, 5, 5, 5, 5, 5, 5, 5, 5, 5, 5, 5, 5, 5, 5, 5, 5, 5, 0, -1, 0, 0, 0, 0, 0, 0, 0, 0, 0, 0, 0, 0, 0, 0, 0, 0, 0, 0, 0, 0, 0, 0, 0, 0, 0, 0, 0, 0, 0, 0, 0, 0, 0, 0, 0, 0, 0, 0, 0, 0, 0, 0, 0, 0, 0, 0, 0, 0, 0, 0, 0, 0, 0, 0, 0, 0, 3, 3, 3, 3, 3, 3, 3, 3, 3, 5, 3, 3, 5, 3, 5, 3, 3, 5, 3, 3, 3, 3, 3, 3, 3, 3, 3, 3, -1, 3, 5, 3, 3, 3, 3, 3, 3, 3, 3, 3, 3, 3, 3, 3, 3, 5, -1, 5, 5, 3, 3, 3, 3, 3, 3, -1, 3, 4, 4, 4, 4, 4, 4, 4, -1, 4, 4, 4, 4, 4, 4, 4, -1, 4, -1, 4, 4, 4, 4, 4, 4, 4, 4, 4, 4, 4, 4, 4, 4, 4, -1, 4, 4, 4, 4, 4, 4, 4, 4, 4, 4, -1, 4, 4, 4, 4, 4, 4, 4, 4, 4, 4, -1, -1, 4, 3, 4, 5, 4, 5, 5, 5, 5, 5, 5, 5, 3, 5, 5, 4, 5, 5, 5, 5, 2, 5, 5, 5, 5, 5, 5, 5, 5, 5, -1, 5, 5, 5, 5, 5, 5, 5, 5, 5, 5, 5, 5, 5, 2
4700, -1, 0, 0, 0, 0, 0, 0, 0, 0, 0, 0, 0, -1, 0, 0, 0, 0, 0, 4, 0, 0, 0, 0, -1, 0, -1, 0, 0, 0, -1, 0, 0, -1, 0, 0, 0, 0, 0, 0, 0, 0, 0, 0, 0, 0, 0, 0, 0, 0, 0, -1, 0, 0, 0, -1, 0, -1, 0, 0, 0, 0, -1, 0, -1, 0, 1, 0, 0, 3, -1, -1, 0, -1, 0, 1, -1, -1, -1, -1, 3, 0, 0, 0, -1, -1, 0, -1, 0, 0, -1, -1, 1, 0, -1, -1, 0, 0, -1, -1, 3, 1, -1, -1, 5, 4, 0, 0, -1, -1, 0, -1, -1, 0, 1, 1, -1, 0, 1, -1, 0, 5, -1, 0, -1, -1, 4, 1, 0, 5, -1, 0, 0, 0, 0, 0, 0, 0, 0, 0, 0, 0, 0, 0, 0, 0, 0, 3, 3, 3, 3, 3, -1, 3, 3, 3, 5, 3, 4, 4, -1, 4, 4, 4, 4, -1, -1, 5, 5, 5, 5, 0, 5, 5, 5, 5, 5, 5, 5, 5, 5, 5, 5, 5, 5, 5, 5, 5, 5, 5, 5, 5, 0, -1, 0, 0, 0, 0, 0, 0, 0, 0, 0, 0, 0, 0, 0, 0, 0, 0, 0, 0, 0, 0, 0, 0, 0, 0, 0, 0, 0, 0, 0, 0, 0, 0, 0, 0, 0, 0, 0, 0, 0, 0, 0, 0, 0, 0, 0, 0, 0, 0, 0, 0, 0, 0, 0, 0, 0, 0, 3, 3, 3, 3, 3, 3, 3, 3, 3, 5, 3, 3, 5, 3, 5, 3, 3, 5, 3, 3, 3, 3, 3, 3, 3, 3, 3, 3, -1, 3, 5, 3, 3, 3, 3, 3, 3, 3, 3, 3, 3, 3, 3, 3, 3, 5, -1, 5, 5, 3, 3, 3, 3, 3, 3, -1, 3, 4, 4, 4, 4, 4, 4, 4, -1, 4, 4, 4, 4, 4, 4, 4, -1, 4, -1, 4, 4, 4, 4, 4, 4, 4, 4, 4, 4, 4, 4, 4, 4, 4, -1, 4, 4, 4, 4, 4, 4, 4, 4, 4, 4, -1, 4, 4, 4, 4, 4, 4, 4, 4, 4, 4, -1, -1, 4, 3, 4, 5, 4, 5, 5, 5, 5, 5, 5, 5, 3, 5, 5, 4, 5, 5, 5, 5, 2, 5, 5, 5, 5, 5, 5, 5, 5, 5, -1, 5, 5, 5, 5, 5, 5, 5, 5, 5, 5, 5, 5, 5, 2
4800, -1, 0, 0, 0, 0, 0, 0, 0, 0, 0, 0, 0, -1, 0, 0, 0, 0, 0, 4, 0, 0, 0, 0, -1, 0, -1, 0, 0, 0, -1, 0, 0, -1, 0, 0, 0, 0, 0, 0, 0, 0, 0, 0, 0, 0, 0, 0, 0, 0, 0, -1, 0, 0, 0, -1, 0, -1, 0, 0, 0, 0, -1, 0, -1, 0, 1, 0, 0, 3, -1, -1, 0, -1, 0, 1, -1, -1, -1, -1, 3, 0, 0, 0, -1, -1, 0, -1, 0, 0, -1, -1, 1, 0, -1, -1, 0, 0, -1, -1, 3, 1, -1, -1, 5, 4, 0, 0, -1, -1, 0, -1, -1, 0, 1, 1, -1, 0, 1, -1, 0, 5, -1, 0, -1, -1, 4, 1, 0, 5, -1, 0, 0, 0, 0, 0, 0, 0, 0, 0, 0, 0, 0, 0, 0, 0, 0, 3, 3, 3, 3, 3, -1, 3, 3, 3, 5, 3, 4, 4, -1, 4, 4, 4, 4, -1, -1, 5, 5, 5, 5, 0, 5, 5, 5, 5, 5, 5, 5, 5, 5, 5, 5, 5, 5, 5, 5, 5, 5, 5, 5, 5, 0, -1, 0, 0, 0, 0, 0, 0, 0, 0, 0, 0, 0, 0, 0, 0, 0, 0, 0, 0, 0, 0, 0, 0, 0, 0, 0, 0, 0, 0, 0, 0, 0, 0, 0, 0, 0, 0, 0, 0, 0, 0, 0, 0, 0, 0, 0, 0, 0, 0, 0, 0, 0, 0, 0, 0, 0, 0, 3, 3, 3, 3, 3, 3, 3, 3, 3, 5, 3, 3, 5, 3, 5, 3, 3, 5, 3, 3, 3, 3, 3, 3, 3, 3, 3, 3, -1, 3, 5, 3, 3, 3, 3, 3, 3, 3, 3, 3, 3, 3, 3, 3, 3, 5, -1, 5, 5, 3, 3, 3, 3, 3, 3, -1, 3, 4, 4, 4, 4, 4, 4, 4, -1, 4, 4, 4, 4, 4, 4, 4, -1, 4, -1, 4, 4, 4, 4, 4, 4, 4, 4, 4, 4, 4, 4, 4, 4, 4, -1, 4, 4, 4, 4, 4, 4, 4, 4, 4, 4, -1, 4, 4, 4, 4, 4, 4, 4, 4, 4, 4, -1, -1, 4, 3, 4, 5, 4, 5, 5, 5, 5, 5, 5, 5, 3, 5, 5, 4, 5, 5, 5, 5, 2, 5, 5, 5, 5, 5, 5, 5, 5, 5, -1, 5, 5, 5, 5, 5, 5, 5, 5, 5, 5, 5, 5, 5, 2
4900, -1, 0, 0, 0, 0, 0, 0, 0, 0, 0, 0, 0, -1, 0, 0, 0, 0, 0, 4, 0, 0, 0, 0, -1, 0, -1, 0, 0, 0, -1, 0, 0, -1, 0, 0, 0, 0, 0, 0, 0, 0, 0, 0, 0, 0, 0, 0, 0, 0, 0, -1, 0, 0, 0, -1, 0, -1, 0, 0, 0, 0, -1, 0, -1, 0, 1, 0, 0, 3, -1, -1, 0, -1, 0, 1, -1, -1, -1, -1, 3, 0, 0, 0, -1, -1, 0, -1, 0, 0, -1, -1, 1, 0, -1, -1, 0, 0, -1, -1, 3, 1, -1, -1, 5, 4, 0, 0, -1, -1, 0, -1, -1, 0, 1, 1, -1, 0, 1, -1, 0, 5, -1, 0, -1, -1, 4, 1, 0, 5, -1, 0, 0, 0, 0, 0, 0, 0, 0, 0, 0, 0, 0, 0, 0, 0, 0, 3, 3, 3, 3, 3, -1, 3, 3, 3, 5, 3, 4, 4, -1, 4, 4, 4, 4, -1, -1, 5, 5, 5, 5, 0, 5, 5, 5, 5, 5, 5, 5, 5, 5, 5, 5, 5, 5, 5, 5, 5, 5, 5, 5, 5, 0, -1, 0, 0, 0, 0, 0, 0, 0, 0, 0, 0, 0, 0, 0, 0, 0, 0, 0, 0, 0, 0, 0, 0, 0, 0, 0, 0, 0, 0, 0, 0, 0, 0, 0, 0, 0, 0, 0, 0, 0, 0, 0, 0, 0, 0, 0, 0, 0, 0, 0, 0, 0, 0, 0, 0, 0, 0, 3, 3, 3, 3, 3, 3, 3, 3, 3, 5, 3, 3, 5, 3, 5, 3, 3, 5, 3, 3, 3, 3, 3, 3, 3, 3, 3, 3, -1, 3, 5, 3, 3, 3, 3, 3, 3, 3, 3, 3, 3, 3, 3, 3, 3, 5, -1, 5, 5, 3, 3, 3, 3, 3, 3, -1, 3, 4, 4, 4, 4, 4, 4, 4, -1, 4, 4, 4, 4, 4, 4, 4, -1, 4, -1, 4, 4, 4, 4, 4, 4, 4, 4, 4, 4, 4, 4, 4, 4, 4, -1, 4, 4, 4, 4, 4, 4, 4, 4, 4, 4, -1, 4, 4, 4, 4, 4, 4, 4, 4, 4, 4, -1, -1, 4, 3, 4, 5, 4, 5, 5, 5, 5, 5, 5, 5, 3, 5, 5, 4, 5, 5, 5, 5, 2, 5, 5, 5, 5, 5, 5, 5, 5, 5, -1, 5, 5, 5, 5, 5, 5, 5, 5, 5, 5, 5, 5, 5, 2
5000, -1, 0, 0, 0, 0, 0, 0, 0, 0, 0, 0, 0, -1, 0, 0, 0, 0, 0, 4, 0, 0, 0, 0, -1, 0, -1, 0, 0, 0, -1, 0, 0, -1, 0, 0, 0, 0, 0, 0, 0, 0, 0, 0, 0, 0, 0, 0, 0, 0, 0, -1, 0, 0, 0, -1, 0, -1, 0, 0, 0, 0, -1, 0, -1, 0, 1, 0, 0, 3, -1, -1, 0, -1, 0, 1, -1, -1, -1, -1, 3, 0, 0, 0, -1, -1, 0, -1, 0, 0, -1, -1, 1, 0, -1, -1, 0, 0, -1, -1, 3, 1, -1, -1, 5, 4, 0, 0, -1, -1, 0, -1, -1, 0, 1, 1, -1, 0, 1, -1, 0, 5, -1, 0, -1, -1, 4, 1, 0, 5, -1, 0, 0, 0, 0, 0, 0, 0, 0, 0, 0, 0, 0, 0, 0, 0, 0, 3, 3, 3, 3, 3, -1, 3, 3, 3, 5, 3, 4, 4, -1, 4, 4, 4, 4, -1, -1, 5, 5, 5, 5, 0, 5, 5, 5, 5, 5, 5, 5, 5, 5, 5, 5, 5, 5, 5, 5, 5, 5, 5, 5, 5, 0, -1, 0, 0, 0, 0, 0, 0, 0, 0, 0, 0, 0, 0, 0, 0, 0, 0, 0, 0, 0, 0, 0, 0, 0, 0, 0, 0, 0, 0, 0, 0, 0, 0, 0, 0, 0, 0, 0, 0, 0, 0, 0, 0, 0, 0, 0, 0, 0, 0, 0, 0, 0, 0, 0, 0, 0, 0, 3, 3, 3, 3, 3, 3, 3, 3, 3, 5, 3, 3, 5, 3, 5, 3, 3, 5, 3, 3, 3, 3, 3, 3, 3, 3, 3, 3, -1, 3, 5, 3, 3, 3, 3, 3, 3, 3, 3, 3, 3, 3, 3, 3, 3, 5, -1, 5, 5, 3, 3, 3, 3, 3, 3, -1, 3, 4, 4, 4, 4, 4, 4, 4, -1, 4, 4, 4, 4, 4, 4, 4, -1, 4, -1, 4, 4, 4, 4, 4, 4, 4, 4, 4, 4, 4, 4, 4, 4, 4, -1, 4, 4, 4, 4, 4, 4, 4, 4, 4, 4, -1, 4, 4, 4, 4, 4, 4, 4, 4, 4, 4, -1, -1, 4, 3, 4, 5, 4, 5, 5, 5, 5, 5, 5, 5, 3, 5, 5, 4, 5, 5, 5, 5, 2, 5, 5, 5, 5, 5, 5, 5, 5, 5, -1, 5, 5, 5, 5, 5, 5, 5, 5, 5, 5, 5, 5, 5, 2
5100, -1, 0, 0, 0, 0, 0, 0, 0, 0, 0, 0, 0, -1, 0, 0, 0, 0, 0, 4, 0, 0, 0, 0, -1, 0, -1, 0, 0, 0, -1, 0, 0, -1, 0, 0, 0, 0, 0, 0, 0, 0, 0, 0, 0, 0, 0, 0, 0, 0, 0, -1, 0, 0, 0, -1, 0, -1, 0, 0, 0, 0, -1, 0, -1, 0, 1, 0, 0, 3, -1, -1, 0, -1, 0, 1, -1, -1, -1, -1, 3, 0, 0, 0, -1, -1, 0, -1, 0, 0, -1, -1, 1, 0, -1, -1, 0, 0, -1, -1, 3, 1, -1, -1, 5, 4, 0, 0, -1, -1, 0, -1, -1, 0, 1, 1, -1, 0, 1, -1, 0, 5, -1, 0, -1, -1, 4, 1, 0, 5, -1, 0, 0, 0, 0, 0, 0, 0, 0, 0, 0, 0, 0, 0, 0, 0, 0, 3, 3, 3, 3, 3, -1, 3, 3, 3, 5, 3, 4, 4, -1, 4, 4, 4, 4, -1, -1, 5, 5, 5, 5, 0, 5, 5, 5, 5, 5, 5, 5, 5, 5, 5, 5, 5, 5, 5, 5, 5, 5, 5, 5, 5, 0, -1, 0, 0, 0, 0, 0, 0, 0, 0, 0, 0, 0, 0, 0, 0, 0, 0, 0, 0, 0, 0, 0, 0, 0, 0, 0, 0, 0, 0, 0, 0, 0, 0, 0, 0, 0, 0, 0, 0, 0, 0, 0, 0, 0, 0, 0, 0, 0, 0, 0, 0, 0, 0, 0, 0, 0, 0, 3, 3, 3, 3, 3, 3, 3, 3, 3, 5, 3, 3, 5, 3, 5, 3, 3, 5, 3, 3, 3, 3, 3, 3, 3, 3, 3, 3, -1, 3, 5, 3, 3, 3, 3, 3, 3, 3, 3, 3, 3, 3, 3, 3, 3, 5, -1, 5, 5, 3, 3, 3, 3, 3, 3, -1, 3, 4, 4, 4, 4, 4, 4, 4, -1, 4, 4, 4, 4, 4, 4, 4, -1, 4, -1, 4, 4, 4, 4, 4, 4, 4, 4, 4, 4, 4, 4, 4, 4, 4, -1, 4, 4, 4, 4, 4, 4, 4, 4, 4, 4, -1, 4, 4, 4, 4, 4, 4, 4, 4, 4, 4, -1, -1, 4, 3, 4, 5, 4, 5, 5, 5, 5, 5, 5, 5, 3, 5, 5, 4, 5, 5, 5, 5, 2, 5, 5, 5, 5, 5, 5, 5, 5, 5, -1, 5, 5, 5, 5, 5, 5, 5, 5, 5, 5, 5, 5, 5, 2
5200, -1, 0, 0, 0, 0, 0, 0, 0, 0, 0, 0, 0, -1, 0, 0, 0, 0, 0, 4, 0, 0, 0, 0, -1, 0, -1, 0, 0, 0, -1, 0, 0, -1, 0, 0, 0, 0, 0, 0, 0, 0, 0, 0, 0, 0, 0, 0, 0, 0, 0, -1, 0, 0, 0, -1, 0, -1, 0, 0, 0, 0, -1, 0, -1, 0, 1, 0, 0, 3, -1, -1, 0, -1, 0, 1, -1, -1, -1, -1, 3, 0, 0, 0, -1, -1, 0, -1, 0, 0, -1, -1, 1, 0, -1, -1, 0, 0, -1, -1, 3, 1, -1, -1, 5, 4, 0, 0, -1, -1, 0, -1, -1, 0, 1, 1, -1, 0, 1, -1, 0, 5, -1, 0, -1, -1, 4, 1, 0, 5, -1, 0, 0, 0, 0, 0, 0, 0, 0, 0, 0, 0, 0, 0, 0, 0, 0, 3, 3, 3, 3, 3, -1, 3, 3, 3, 5, 3, 4, 4, -1, 4, 4, 4, 4, -1, -1, 5, 5, 5, 5, 0, 5, 5, 5, 5, 5, 5, 5, 5, 5, 5, 5, 5, 5, 5, 5, 5, 5, 5, 5, 5, 0, -1, 0, 0, 0, 0, 0, 0, 0, 0, 0, 0, 0, 0, 0, 0, 0, 0, 0, 0, 0, 0, 0, 0, 0, 0, 0, 0, 0, 0, 0, 0, 0, 0, 0, 0, 0, 0, 0, 0, 0, 0, 0, 0, 0, 0, 0, 0, 0, 0, 0, 0, 0, 0, 0, 0, 0, 0, 3, 3, 3, 3, 3, 3, 3, 3, 3, 5, 3, 3, 5, 3, 5, 3, 3, 5, 3, 3, 3, 3, 3, 3, 3, 3, 3, 3, -1, 3, 5, 3, 3, 3, 3, 3, 3, 3, 3, 3, 3, 3, 3, 3, 3, 5, -1, 5, 5, 3, 3, 3, 3, 3, 3, -1, 3, 4, 4, 4, 4, 4, 4, 4, -1, 4, 4, 4, 4, 4, 4, 4, -1, 4, -1, 4, 4, 4, 4, 4, 4, 4, 4, 4, 4, 4, 4, 4, 4, 4, -1, 4, 4, 4, 4, 4, 4, 4, 4, 4, 4, -1, 4, 4, 4, 4, 4, 4, 4, 4, 4, 4, -1, -1, 4, 3, 4, 5, 4, 5, 5, 5, 5, 5, 5, 5, 3, 5, 5, 4, 5, 5, 5, 5, 2, 5, 5, 5, 5, 5, 5, 5, 5, 5, -1, 5, 5, 5, 5, 5, 5, 5, 5, 5, 5, 5, 5, 5, 2

Test:
true-label, 0, 0, 0, 0, 0, 0, 0, 1, 1, 1, 1, 1, 1, 1, 1, 2, 2, 3, 3, 4, 5, 5, 5
0, -1, -1, 4, 4, -1, 4, -1, -1, 5, -1, -1, -1, 1, 5, 5, 4, -1, 5, -1, 5, 5, 4, 4
100, -1, -1, 4, 4, -1, 4, -1, -1, 5, -1, -1, -1, 1, 5, 5, 4, -1, 5, -1, 5, 5, 4, 4
200, -1, -1, 4, 4, -1, 4, -1, -1, 5, -1, -1, -1, 1, 5, 5, 4, -1, 5, -1, 5, 5, 4, 4
300, -1, 0, 4, 4, 0, 4, -1, -1, 3, 0, 0, 0, 1, 5, 5, 4, 0, 3, -1, 3, 5, 5, 4
400, 0, 0, 0, 4, -1, 4, 0, 0, 3, -1, 0, -1, 1, 0, 5, 4, -1, 3, -1, 3, 5, 5, 4
500, 0, 0, 0, 4, -1, 4, 0, 0, 3, -1, 0, -1, 1, 0, 5, 4, -1, 3, -1, 3, 5, 5, 4
600, 0, 0, 0, 4, -1, 4, 0, 0, 3, -1, 0, -1, 1, 0, 5, 4, -1, 3, -1, 3, 5, 5, 4
700, 0, 0, 0, 4, -1, 4, 0, 0, 3, -1, 0, -1, 1, 0, 5, 4, -1, 3, -1, 3, 5, 5, 4
800, 0, 0, 0, 4, -1, 4, 0, 0, 3, -1, 0, -1, 1, 0, 5, 4, -1, 3, -1, 3, 5, 5, 4
900, 0, 0, 0, 4, -1, 4, 0, 0, 3, -1, 0, -1, 1, 0, 5, 4, -1, 3, -1, 3, 5, 5, 4
1000, 0, 0, 0, 4, -1, 4, 0, 0, 3, -1, 0, -1, 1, 0, 5, 4, -1, 3, -1, 3, 5, 5, 4
1100, 0, 0, 0, 4, -1, 4, 0, 0, 3, -1, 0, -1, 1, 0, 5, 4, -1, 3, -1, 3, 5, 5, 4
1200, 0, 0, 0, 4, -1, 4, 0, 0, 3, -1, 0, -1, 1, 0, 5, 4, -1, 3, -1, 3, 5, 5, 4
1300, 0, 0, 0, 4, -1, 4, 0, 0, 3, -1, 0, -1, 1, 0, 5, 4, -1, 3, -1, 3, 5, 5, 4
1400, 0, 0, 0, 4, -1, 4, 0, 0, 3, -1, 0, -1, 1, 0, 5, 4, -1, 3, -1, 3, 5, 5, 4
1500, 0, 0, 0, 4, -1, 4, 0, 0, 3, -1, 0, -1, 1, 0, 5, 4, -1, 3, -1, 3, 5, 5, 4
1600, 0, 0, 0, 4, -1, 4, 0, 0, 3, -1, 0, -1, 1, 0, 5, 4, -1, 3, -1, 3, 5, 5, 4
1700, 0, 0, 0, 4, -1, 4, 0, 0, 3, -1, 0, -1, 1, 0, 5, 4, -1, 3, -1, 3, 5, 5, 4
1800, 0, 0, 0, 4, -1, 4, 0, 0, 3, -1, 0, -1, 1, 0, 5, 4, -1, 3, -1, 3, 5, 5, 4
1900, 0, 0, 0, 4, -1, 4, 0, 0, 3, -1, 0, -1, 1, 0, 5, 4, -1, 3, -1, 3, 5, 5, 4
2000, 0, 0, 0, 4, -1, 4, 0, 0, 3, -1, 0, -1, 1, 0, 5, 4, -1, 3, -1, 3, 5, 5, 4
2100, 0, 0, 0, 4, -1, 4, 0, 0, 3, -1, 0, -1, 1, 0, 5, 4, -1, 3, -1, 3, 5, 5, 4
2200, 0, 0, 0, 4, -1, 4, 0, 0, 3, -1, 0, -1, 1, 0, 5, 4, -1, 3, -1, 3, 5, 5, 4
2300, 0, 0, 0, 4, -1, 4, 0, 0, 3, -1, 0, -1, 1, 0, 5, 4, -1, 3, -1, 3, 5, 5, 4
2400, 0, 0, 0, 4, -1, 4, 0, 0, 3, -1, 0, -1, 1, 0, 5, 4, -1, 3, -1, 3, 5, 5, 4
2500, 0, 0, 0, 4, -1, 4, 0, 0, 3, -1, 0, -1, 1, 0, 5, 4, -1, 3, -1, 3, 5, 5, 4
2600, 0, 0, 0, 4, -1, 4, 0, 0, 3, -1, 0, -1, 1, 0, 5, 4, -1, 3, -1, 3, 5, 5, 4
2700, 0, 0, 0, 4, -1, 4, 0, 0, 3, -1, 0, -1, 1, 0, 5, 4, -1, 3, -1, 3, 5, 5, 4
2800, 0, 0, 0, 4, -1, 4, 0, 0, 3, -1, 0, -1, 1, 0, 5, 4, -1, 3, -1, 3, 5, 5, 4
2900, 0, 0, 0, 4, -1, 4, 0, 0, 3, -1, 0, -1, 1, 0, 5, 4, -1, 3, -1, 3, 5, 5, 4
3000, 0, 0, 0, 4, -1, 4, 0, 0, 3, -1, 0, -1, 1, 0, 5, 4, -1, 3, -1, 3, 5, 5, 4
3100, 0, 0, 0, 4, -1, 4, 0, 0, 3, -1, 0, -1, 1, 0, 5, 4, -1, 3, -1, 3, 5, 5, 4
3200, 0, 0, 0, 4, -1, 4, 0, 0, 3, -1, 0, -1, 1, 0, 5, 4, -1, 3, -1, 3, 5, 5, 4
3300, 0, 0, 0, 4, -1, 4, 0, 0, 3, -1, 0, -1, 1, 0, 5, 4, -1, 3, -1, 3, 5, 5, 4
3400, 0, 0, 0, 4, -1, 4, 0, 0, 3, -1, 0, -1, 1, 0, 5, 4, -1, 3, -1, 3, 5, 5, 4
3500, 0, 0, 0, 4, -1, 4, 0, 0, 3, -1, 0, -1, 1, 0, 5, 4, -1, 3, -1, 3, 5, 5, 4
3600, 0, 0, 0, 4, -1, 4, 0, 0, 3, -1, 0, -1, 1, 0, 5, 4, -1, 3, -1, 3, 5, 5, 4
3700, 0, 0, 0, 4, -1, 4, 0, 0, 3, -1, 0, -1, 1, 0, 5, 4, -1, 3, -1, 3, 5, 5, 4
3800, 0, 0, 0, 4, -1, 4, 0, 0, 3, -1, 0, -1, 1, 0, 5, 4, -1, 3, -1, 3, 5, 5, 4
3900, 0, 0, 0, 4, -1, 4, 0, 0, 3, -1, 0, -1, 1, 0, 5, 4, -1, 3, -1, 3, 5, 5, 4
4000, 0, 0, 0, 4, -1, 4, 0, 0, 3, -1, 0, -1, 1, 0, 5, 4, -1, 3, -1, 3, 5, 5, 4
4100, 0, 0, 0, 4, -1, 4, 0, 0, 3, -1, 0, -1, 1, 0, 5, 4, -1, 3, -1, 3, 5, 5, 4
4200, 0, 0, 0, 4, -1, 4, 0, 0, 3, -1, 0, -1, 1, 0, 5, 4, -1, 3, -1, 3, 5, 5, 4
4300, 0, 0, 0, 4, -1, 4, 0, 0, 3, -1, 0, -1, 1, 0, 5, 4, -1, 3, -1, 3, 5, 5, 4
4400, 0, 0, 0, 4, -1, 4, 0, 0, 3, -1, 0, -1, 1, 0, 5, 4, -1, 3, -1, 3, 5, 5, 4
4500, 0, 0, 0, 4, -1, 4, 0, 0, 3, -1, 0, -1, 1, 0, 5, 4, -1, 3, -1, 3, 5, 5, 4
4600, 0, 0, 0, 4, -1, 4, 0, 0, 3, -1, 0, -1, 1, 0, 5, 4, -1, 3, -1, 3, 5, 5, 4
4700, 0, 0, 0, 4, -1, 4, 0, 0, 3, -1, 0, -1, 1, 0, 5, 4, -1, 3, -1, 3, 5, 5, 4
4800, 0, 0, 0, 4, -1, 4, 0, 0, 3, -1, 0, -1, 1, 0, 5, 4, -1, 3, -1, 3, 5, 5, 4
4900, 0, 0, 0, 4, -1, 4, 0, 0, 3, -1, 0, -1, 1, 0, 5, 4, -1, 3, -1, 3, 5, 5, 4
5000, 0, 0, 0, 4, -1, 4, 0, 0, 3, -1, 0, -1, 1, 0, 5, 4, -1, 3, -1, 3, 5, 5, 4
5100, 0, 0, 0, 4, -1, 4, 0, 0, 3, -1, 0, -1, 1, 0, 5, 4, -1, 3, -1, 3, 5, 5, 4
5200, 0, 0, 0, 4, -1, 4, 0, 0, 3, -1, 0, -1, 1, 0, 5, 4, -1, 3, -1, 3, 5, 5, 4

